   9.4481798e-02   1.4500000e+02
   1.1332239e-01   1.4591691e+02
   1.3557127e-01   1.4683381e+02
   1.6178033e-01   1.4775072e+02
   1.9258001e-01   1.4866762e+02
   2.2868879e-01   1.4958453e+02
   2.7092368e-01   1.5050143e+02
   3.2021172e-01   1.5141834e+02
   3.7760252e-01   1.5233524e+02
   4.4428200e-01   1.5325215e+02
   5.2158736e-01   1.5416905e+02
   6.1102330e-01   1.5508596e+02
   7.1427973e-01   1.5600287e+02
   8.3325079e-01   1.5691977e+02
   9.7005561e-01   1.5783668e+02
   1.1270606e+00   1.5875358e+02
   1.3069033e+00   1.5967049e+02
   1.5125185e+00   1.6058739e+02
   1.7471658e+00   1.6150430e+02
   2.0144593e+00   1.6242120e+02
   2.3183993e+00   1.6333811e+02
   2.6634067e+00   1.6425501e+02
   3.0543584e+00   1.6517192e+02
   3.4966264e+00   1.6608883e+02
   3.9961188e+00   1.6700573e+02
   4.5593225e+00   1.6792264e+02
   5.1933502e+00   1.6883954e+02
   5.9059881e+00   1.6975645e+02
   6.7057481e+00   1.7067335e+02
   7.6019216e+00   1.7159026e+02
   8.6046366e+00   1.7250716e+02
   9.7249179e+00   1.7342407e+02
   1.0974750e+01   1.7434097e+02
   1.2367144e+01   1.7525788e+02
   1.3916205e+01   1.7617479e+02
   1.5637207e+01   1.7709169e+02
   1.7546666e+01   1.7800860e+02
   1.9662422e+01   1.7892550e+02
   2.2003720e+01   1.7984241e+02
   2.4591292e+01   1.8075931e+02
   2.7447453e+01   1.8167622e+02
   3.0596187e+01   1.8259312e+02
   3.4063247e+01   1.8351003e+02
   3.7876252e+01   1.8442693e+02
   4.2064788e+01   1.8534384e+02
   4.6660520e+01   1.8626074e+02
   5.1697293e+01   1.8717765e+02
   5.7211251e+01   1.8809456e+02
   6.3240951e+01   1.8901146e+02
   6.9827482e+01   1.8992837e+02
   7.7014586e+01   1.9084527e+02
   8.4848787e+01   1.9176218e+02
   9.3379517e+01   1.9267908e+02
   1.0265925e+02   1.9359599e+02
   1.1274364e+02   1.9451289e+02
   1.2369164e+02   1.9542980e+02
   1.3556567e+02   1.9634670e+02
   1.4843175e+02   1.9726361e+02
   1.6235964e+02   1.9818052e+02
   1.7742299e+02   1.9909742e+02
   1.9369949e+02   2.0001433e+02
   2.1127104e+02   2.0093123e+02
   2.3022388e+02   2.0184814e+02
   2.5064877e+02   2.0276504e+02
   2.7264113e+02   2.0368195e+02
   2.9630122e+02   2.0459885e+02
   3.2173429e+02   2.0551576e+02
   3.4905076e+02   2.0643266e+02
   3.7836636e+02   2.0734957e+02
   4.0980233e+02   2.0826648e+02
   4.4348554e+02   2.0918338e+02
   4.7954873e+02   2.1010029e+02
   5.1813062e+02   2.1101719e+02
   5.5937609e+02   2.1193410e+02
   6.0343640e+02   2.1285100e+02
   6.5046929e+02   2.1376791e+02
   7.0063920e+02   2.1468481e+02
   7.5411742e+02   2.1560172e+02
   8.1108227e+02   2.1651862e+02
   8.7171929e+02   2.1743553e+02
   9.3622136e+02   2.1835244e+02
   1.0047889e+03   2.1926934e+02
   1.0776301e+03   2.2018625e+02
   1.1549609e+03   2.2110315e+02
   1.2370054e+03   2.2202006e+02
   1.3239959e+03   2.2293696e+02
   1.4161730e+03   2.2385387e+02
   1.5137858e+03   2.2477077e+02
   1.6170923e+03   2.2568768e+02
   1.7263592e+03   2.2660458e+02
   1.8418621e+03   2.2752149e+02
   1.9638859e+03   2.2843840e+02
   2.0927249e+03   2.2935530e+02
   2.2286827e+03   2.3027221e+02
   2.3720725e+03   2.3118911e+02
   2.5232174e+03   2.3210602e+02
   2.6824502e+03   2.3302292e+02
   2.8501138e+03   2.3393983e+02
   3.0265614e+03   2.3485673e+02
   3.2121562e+03   2.3577364e+02
   3.4072722e+03   2.3669054e+02
   3.6122935e+03   2.3760745e+02
   3.8276151e+03   2.3852436e+02
   4.0536429e+03   2.3944126e+02
   4.2907934e+03   2.4035817e+02
   4.5394942e+03   2.4127507e+02
   4.8001842e+03   2.4219198e+02
   5.0733132e+03   2.4310888e+02
   5.3593424e+03   2.4402579e+02
   5.6587446e+03   2.4494269e+02
   5.9720036e+03   2.4585960e+02
   6.2996153e+03   2.4677650e+02
   6.6420869e+03   2.4769341e+02
   6.9999374e+03   2.4861032e+02
   7.3736977e+03   2.4952722e+02
   7.7639102e+03   2.5044413e+02
   8.1711297e+03   2.5136103e+02
   8.5959225e+03   2.5227794e+02
   9.0388674e+03   2.5319484e+02
   9.5005549e+03   2.5411175e+02
   9.9815878e+03   2.5502865e+02
   1.0482581e+04   2.5594556e+02
   1.1004162e+04   2.5686246e+02
   1.1546969e+04   2.5777937e+02
   1.2111655e+04   2.5869628e+02
   1.2698883e+04   2.5961318e+02
   1.3309329e+04   2.6053009e+02
   1.3943682e+04   2.6144699e+02
   1.4602643e+04   2.6236390e+02
   1.5286925e+04   2.6328080e+02
   1.5997253e+04   2.6419771e+02
   1.6734365e+04   2.6511461e+02
   1.7499012e+04   2.6603152e+02
   1.8291956e+04   2.6694842e+02
   1.9113971e+04   2.6786533e+02
   1.9965845e+04   2.6878223e+02
   2.0848377e+04   2.6969914e+02
   2.1762378e+04   2.7061605e+02
   2.2708673e+04   2.7153295e+02
   2.3688098e+04   2.7244986e+02
   2.4701500e+04   2.7336676e+02
   2.5749741e+04   2.7428367e+02
   2.6833692e+04   2.7520057e+02
   2.7954238e+04   2.7611748e+02
   2.9112275e+04   2.7703438e+02
   3.0308712e+04   2.7795129e+02
   3.1544469e+04   2.7886819e+02
   3.2820478e+04   2.7978510e+02
   3.4137684e+04   2.8070201e+02
   3.5497042e+04   2.8161891e+02
   3.6899519e+04   2.8253582e+02
   3.8346095e+04   2.8345272e+02
   3.9837759e+04   2.8436963e+02
   4.1375515e+04   2.8528653e+02
   4.2960375e+04   2.8620344e+02
   4.4593365e+04   2.8712034e+02
   4.6275520e+04   2.8803725e+02
   4.8007888e+04   2.8895415e+02
   4.9791527e+04   2.8987106e+02
   5.1627508e+04   2.9078797e+02
   5.3516909e+04   2.9170487e+02
   5.5460824e+04   2.9262178e+02
   5.7460354e+04   2.9353868e+02
   5.9516612e+04   2.9445559e+02
   6.1630723e+04   2.9537249e+02
   6.3803819e+04   2.9628940e+02
   6.6037048e+04   2.9720630e+02
   6.8331562e+04   2.9812321e+02
   7.0688530e+04   2.9904011e+02
   7.3109125e+04   2.9995702e+02
   7.5594535e+04   3.0087393e+02
   7.8145957e+04   3.0179083e+02
   8.0764595e+04   3.0270774e+02
   8.3451667e+04   3.0362464e+02
   8.6208400e+04   3.0454155e+02
   8.9036028e+04   3.0545845e+02
   9.1935798e+04   3.0637536e+02
   9.4908966e+04   3.0729226e+02
   9.7956796e+04   3.0820917e+02
   1.0108056e+05   3.0912607e+02
   1.0428155e+05   3.1004298e+02
   1.0756105e+05   3.1095989e+02
   1.1092037e+05   3.1187679e+02
   1.1436082e+05   3.1279370e+02
   1.1788372e+05   3.1371060e+02
   1.2149040e+05   3.1462751e+02
   1.2518220e+05   3.1554441e+02
   1.2896047e+05   3.1646132e+02
   1.3282657e+05   3.1737822e+02
   1.3678185e+05   3.1829513e+02
   1.4082770e+05   3.1921203e+02
   1.4496550e+05   3.2012894e+02
   1.4919665e+05   3.2104585e+02
   1.5352253e+05   3.2196275e+02
   1.5794457e+05   3.2287966e+02
   1.6246417e+05   3.2379656e+02
   1.6708278e+05   3.2471347e+02
   1.7180181e+05   3.2563037e+02
   1.7662272e+05   3.2654728e+02
   1.8154695e+05   3.2746418e+02
   1.8657597e+05   3.2838109e+02
   1.9171125e+05   3.2929799e+02
   1.9695425e+05   3.3021490e+02
   2.0230647e+05   3.3113181e+02
   2.0776940e+05   3.3204871e+02
   2.1334454e+05   3.3296562e+02
   2.1903340e+05   3.3388252e+02
   2.2483750e+05   3.3479943e+02
   2.3075836e+05   3.3571633e+02
   2.3679751e+05   3.3663324e+02
   2.4295651e+05   3.3755014e+02
   2.4923689e+05   3.3846705e+02
   2.5564022e+05   3.3938395e+02
   2.6216806e+05   3.4030086e+02
   2.6882199e+05   3.4121777e+02
   2.7560359e+05   3.4213467e+02
   2.8251445e+05   3.4305158e+02
   2.8955617e+05   3.4396848e+02
   2.9673035e+05   3.4488539e+02
   3.0403862e+05   3.4580229e+02
   3.1148260e+05   3.4671920e+02
   3.1906391e+05   3.4763610e+02
   3.2678420e+05   3.4855301e+02
   3.3464511e+05   3.4946991e+02
   3.4264831e+05   3.5038682e+02
   3.5079546e+05   3.5130372e+02
   3.5908823e+05   3.5222063e+02
   3.6752830e+05   3.5313754e+02
   3.7611736e+05   3.5405444e+02
   3.8485712e+05   3.5497135e+02
   3.9374928e+05   3.5588825e+02
   4.0279556e+05   3.5680516e+02
   4.1199769e+05   3.5772206e+02
   4.2135739e+05   3.5863897e+02
   4.3087641e+05   3.5955587e+02
   4.4055651e+05   3.6047278e+02
   4.5039944e+05   3.6138968e+02
   4.6040697e+05   3.6230659e+02
   4.7058089e+05   3.6322350e+02
   4.8092299e+05   3.6414040e+02
   4.9143505e+05   3.6505731e+02
   5.0211890e+05   3.6597421e+02
   5.1297634e+05   3.6689112e+02
   5.2400921e+05   3.6780802e+02
   5.3521934e+05   3.6872493e+02
   5.4660858e+05   3.6964183e+02
   5.5817879e+05   3.7055874e+02
   5.6993183e+05   3.7147564e+02
   5.8186959e+05   3.7239255e+02
   5.9399394e+05   3.7330946e+02
   6.0630679e+05   3.7422636e+02
   6.1881006e+05   3.7514327e+02
   6.3150564e+05   3.7606017e+02
   6.4439549e+05   3.7697708e+02
   6.5748154e+05   3.7789398e+02
   6.7076575e+05   3.7881089e+02
   6.8425007e+05   3.7972779e+02
   6.9793650e+05   3.8064470e+02
   7.1182700e+05   3.8156160e+02
   7.2592360e+05   3.8247851e+02
   7.4022828e+05   3.8339542e+02
   7.5474310e+05   3.8431232e+02
   7.6947007e+05   3.8522923e+02
   7.8441124e+05   3.8614613e+02
   7.9956869e+05   3.8706304e+02
   8.1494448e+05   3.8797994e+02
   8.3054071e+05   3.8889685e+02
   8.4635946e+05   3.8981375e+02
   8.6240287e+05   3.9073066e+02
   8.7867306e+05   3.9164756e+02
   8.9517216e+05   3.9256447e+02
   9.1190234e+05   3.9348138e+02
   9.2886577e+05   3.9439828e+02
   9.4606463e+05   3.9531519e+02
   9.6350112e+05   3.9623209e+02
   9.8117746e+05   3.9714900e+02
   9.9909588e+05   3.9806590e+02
   1.0172586e+06   3.9898281e+02
   1.0356679e+06   3.9989971e+02
   1.0543261e+06   4.0081662e+02
   1.0732355e+06   4.0173352e+02
   1.0923983e+06   4.0265043e+02
   1.1118169e+06   4.0356734e+02
   1.1314936e+06   4.0448424e+02
   1.1514308e+06   4.0540115e+02
   1.1716309e+06   4.0631805e+02
   1.1920963e+06   4.0723496e+02
   1.2128293e+06   4.0815186e+02
   1.2338324e+06   4.0906877e+02
   1.2551081e+06   4.0998567e+02
   1.2766588e+06   4.1090258e+02
   1.2984870e+06   4.1181948e+02
   1.3205953e+06   4.1273639e+02
   1.3429861e+06   4.1365330e+02
   1.3656619e+06   4.1457020e+02
   1.3886255e+06   4.1548711e+02
   1.4118792e+06   4.1640401e+02
   1.4354258e+06   4.1732092e+02
   1.4592679e+06   4.1823782e+02
   1.4834081e+06   4.1915473e+02
   1.5078491e+06   4.2007163e+02
   1.5325935e+06   4.2098854e+02
   1.5576442e+06   4.2190544e+02
   1.5830037e+06   4.2282235e+02
   1.6086750e+06   4.2373926e+02
   1.6346608e+06   4.2465616e+02
   1.6609638e+06   4.2557307e+02
   1.6875869e+06   4.2648997e+02
   1.7145330e+06   4.2740688e+02
   1.7418050e+06   4.2832378e+02
   1.7694057e+06   4.2924069e+02
   1.7973381e+06   4.3015759e+02
   1.8256050e+06   4.3107450e+02
   1.8542097e+06   4.3199140e+02
   1.8831549e+06   4.3290831e+02
   1.9124438e+06   4.3382521e+02
   1.9420794e+06   4.3474212e+02
   1.9720648e+06   4.3565903e+02
   2.0024031e+06   4.3657593e+02
   2.0330974e+06   4.3749284e+02
   2.0641510e+06   4.3840974e+02
   2.0955671e+06   4.3932665e+02
   2.1273488e+06   4.4024355e+02
   2.1594994e+06   4.4116046e+02
   2.1920223e+06   4.4207736e+02
   2.2249207e+06   4.4299427e+02
   2.2581980e+06   4.4391117e+02
   2.2918576e+06   4.4482808e+02
   2.3259029e+06   4.4574499e+02
   2.3603374e+06   4.4666189e+02
   2.3951644e+06   4.4757880e+02
   2.4303877e+06   4.4849570e+02
   2.4660106e+06   4.4941261e+02
   2.5020368e+06   4.5032951e+02
   2.5384699e+06   4.5124642e+02
   2.5753136e+06   4.5216332e+02
   2.6125715e+06   4.5308023e+02
   2.6502473e+06   4.5399713e+02
   2.6883449e+06   4.5491404e+02
   2.7268681e+06   4.5583095e+02
   2.7658206e+06   4.5674785e+02
   2.8052063e+06   4.5766476e+02
   2.8450292e+06   4.5858166e+02
   2.8852932e+06   4.5949857e+02
   2.9260023e+06   4.6041547e+02
   2.9671605e+06   4.6133238e+02
   3.0087719e+06   4.6224928e+02
   3.0508406e+06   4.6316619e+02
   3.0933708e+06   4.6408309e+02
   3.1363667e+06   4.6500000e+02
