 Temperature<1> Density<2> Viscosity<3> ThermCond<4> Cp<5> 
   2.00000E+002   6.14609E+002   3.51110E-006   2.35370E-002   1.31750E+003
   2.10000E+002   5.85342E+002   3.51110E-006   2.35370E-002   1.33857E+003
   2.20000E+002   5.58735E+002   3.51110E-006   2.35370E-002   1.36295E+003
   2.30000E+002   5.34442E+002   3.51110E-006   2.35370E-002   1.39049E+003
   2.40000E+002   5.12174E+002   3.51110E-006   2.35370E-002   1.42098E+003
   2.50000E+002   4.91687E+002   3.51110E-006   2.35370E-002   1.45420E+003
   2.60000E+002   4.72776E+002   3.51110E-006   2.35370E-002   1.48985E+003
   2.70000E+002   4.55266E+002   3.62114E-006   2.35370E-002   1.52764E+003
   2.80000E+002   4.39006E+002   3.79267E-006   2.35370E-002   1.56726E+003
   2.90000E+002   4.23868E+002   3.96466E-006   2.35370E-002   1.60840E+003
   3.00000E+002   4.09739E+002   4.13704E-006   2.35370E-002   1.65077E+003
   3.10000E+002   3.96522E+002   4.30973E-006   2.35370E-002   1.69409E+003
   3.20000E+002   3.84130E+002   4.48270E-006   2.35370E-002   1.73812E+003
   3.30000E+002   3.72490E+002   4.65588E-006   2.35370E-002   1.78261E+003
   3.40000E+002   3.61535E+002   4.82924E-006   2.35370E-002   1.82736E+003
   3.50000E+002   3.51205E+002   5.00273E-006   2.35370E-002   1.87218E+003
   3.60000E+002   3.41449E+002   5.17631E-006   2.35370E-002   1.91693E+003
   3.70000E+002   3.32221E+002   5.34995E-006   2.35370E-002   1.96146E+003
   3.80000E+002   3.23478E+002   5.52363E-006   2.35370E-002   2.00566E+003
   3.90000E+002   3.15184E+002   5.69730E-006   2.35370E-002   2.04943E+003
   4.00000E+002   3.07304E+002   5.87096E-006   2.35370E-002   2.09272E+003
   4.10000E+002   2.99809E+002   6.04457E-006   2.35370E-002   2.13544E+003
   4.20000E+002   2.92671E+002   6.21811E-006   2.35370E-002   2.17756E+003
   4.30000E+002   2.85865E+002   6.39157E-006   2.35370E-002   2.21905E+003
   4.40000E+002   2.79368E+002   6.56493E-006   2.35370E-002   2.25987E+003
   4.50000E+002   2.73159E+002   6.73818E-006   2.35370E-002   2.30003E+003
   4.60000E+002   2.67221E+002   6.91129E-006   2.35370E-002   2.33950E+003
   4.70000E+002   2.61536E+002   7.08426E-006   2.35370E-002   2.37829E+003
   4.80000E+002   2.56087E+002   7.25707E-006   2.35370E-002   2.41641E+003
   4.90000E+002   2.50861E+002   7.42972E-006   2.35882E-002   2.45385E+003
   5.00000E+002   2.45844E+002   7.60219E-006   2.45654E-002   2.49064E+003
   5.10000E+002   2.41023E+002   7.77448E-006   2.55600E-002   2.52678E+003
   5.20000E+002   2.36388E+002   7.94658E-006   2.65718E-002   2.56229E+003
   5.30000E+002   2.31928E+002   8.11848E-006   2.76008E-002   2.59718E+003
   5.40000E+002   2.27633E+002   8.29018E-006   2.86467E-002   2.63147E+003
   5.50000E+002   2.23494E+002   8.46166E-006   2.97094E-002   2.66518E+003
   5.60000E+002   2.19503E+002   8.63294E-006   3.07889E-002   2.69833E+003
   5.70000E+002   2.15652E+002   8.80399E-006   3.18848E-002   2.73092E+003
   5.80000E+002   2.11934E+002   8.97481E-006   3.29972E-002   2.76298E+003
   5.90000E+002   2.08342E+002   9.14541E-006   3.41259E-002   2.79453E+003
   6.00000E+002   2.04870E+002   9.31578E-006   3.52708E-002   2.82557E+003
   6.10000E+002   2.01511E+002   9.48592E-006   3.64316E-002   2.85612E+003
   6.20000E+002   1.98261E+002   9.65582E-006   3.76084E-002   2.88620E+003
   6.30000E+002   1.95114E+002   9.82548E-006   3.88009E-002   2.91581E+003
   6.40000E+002   1.92065E+002   9.99490E-006   4.00090E-002   2.94498E+003
   6.50000E+002   1.89110E+002   1.01641E-005   4.12327E-002   2.97370E+003
   6.60000E+002   1.86245E+002   1.03330E-005   4.24718E-002   3.00200E+003
   6.70000E+002   1.83465E+002   1.05017E-005   4.37261E-002   3.02988E+003
   6.80000E+002   1.80767E+002   1.06702E-005   4.49956E-002   3.05736E+003
   6.90000E+002   1.78147E+002   1.08384E-005   4.62802E-002   3.08443E+003
   7.00000E+002   1.75603E+002   1.10063E-005   4.75797E-002   3.11111E+003
   7.10000E+002   1.73129E+002   1.11740E-005   4.88940E-002   3.13741E+003
   7.20000E+002   1.70725E+002   1.13415E-005   5.02230E-002   3.16333E+003
   7.30000E+002   1.68386E+002   1.15087E-005   5.15666E-002   3.18888E+003
   7.40000E+002   1.66110E+002   1.16757E-005   5.29248E-002   3.21407E+003
   7.50000E+002   1.63896E+002   1.18424E-005   5.42973E-002   3.23891E+003
   7.60000E+002   1.61739E+002   1.20089E-005   5.56841E-002   3.26339E+003
   7.70000E+002   1.59639E+002   1.21751E-005   5.70851E-002   3.28752E+003
   7.80000E+002   1.57592E+002   1.23411E-005   5.85002E-002   3.31132E+003
   7.90000E+002   1.55597E+002   1.25068E-005   5.99293E-002   3.33478E+003
   8.00000E+002   1.53652E+002   1.26723E-005   6.13722E-002   3.35791E+003
   8.10000E+002   1.51755E+002   1.28376E-005   6.28290E-002   3.38071E+003
   8.20000E+002   1.49905E+002   1.30026E-005   6.42994E-002   3.40318E+003
   8.30000E+002   1.48099E+002   1.31674E-005   6.57835E-002   3.42534E+003
   8.40000E+002   1.46335E+002   1.33319E-005   6.72810E-002   3.44719E+003
   8.50000E+002   1.44614E+002   1.34962E-005   6.87920E-002   3.46873E+003
   8.60000E+002   1.42932E+002   1.36602E-005   7.03164E-002   3.48996E+003
   8.70000E+002   1.41289E+002   1.38240E-005   7.18539E-002   3.51088E+003
   8.80000E+002   1.39684E+002   1.39876E-005   7.34046E-002   3.53151E+003
   8.90000E+002   1.38114E+002   1.41509E-005   7.49684E-002   3.55184E+003
   9.00000E+002   1.36580E+002   1.43140E-005   7.65452E-002   3.57189E+003
   9.10000E+002   1.35079E+002   1.44769E-005   7.81349E-002   3.59164E+003
   9.20000E+002   1.33611E+002   1.46395E-005   7.97374E-002   3.61111E+003
   9.30000E+002   1.32174E+002   1.48020E-005   8.13527E-002   3.63030E+003
   9.40000E+002   1.30768E+002   1.49641E-005   8.29806E-002   3.64921E+003
   9.50000E+002   1.29391E+002   1.51261E-005   8.46211E-002   3.66784E+003
   9.60000E+002   1.28043E+002   1.52878E-005   8.62741E-002   3.68621E+003
   9.70000E+002   1.26723E+002   1.54493E-005   8.79395E-002   3.70431E+003
   9.80000E+002   1.25430E+002   1.56105E-005   8.96173E-002   3.72214E+003
   9.90000E+002   1.24163E+002   1.57716E-005   9.13074E-002   3.73971E+003
   1.00000E+003   1.22922E+002   1.59320E-005   9.30100E-002   3.75703E+003
   1.01000E+003   1.21705E+002   1.59320E-005   9.30100E-002   3.77409E+003
   1.02000E+003   1.20512E+002   1.59320E-005   9.30100E-002   3.79090E+003
   1.03000E+003   1.19342E+002   1.59320E-005   9.30100E-002   3.80747E+003
   1.04000E+003   1.18194E+002   1.59320E-005   9.30100E-002   3.82379E+003
   1.05000E+003   1.17068E+002   1.59320E-005   9.30100E-002   3.83987E+003
   1.06000E+003   1.15964E+002   1.59320E-005   9.30100E-002   3.85571E+003
   1.07000E+003   1.14880E+002   1.59320E-005   9.30100E-002   3.87132E+003
   1.08000E+003   1.13816E+002   1.59320E-005   9.30100E-002   3.88670E+003
   1.09000E+003   1.12772E+002   1.59320E-005   9.30100E-002   3.90185E+003
   1.10000E+003   1.11747E+002   1.59320E-005   9.30100E-002   3.91677E+003
   1.11000E+003   1.10740E+002   1.59320E-005   9.30100E-002   3.93148E+003
   1.12000E+003   1.09752E+002   1.59320E-005   9.30100E-002   3.94597E+003
   1.13000E+003   1.08780E+002   1.59320E-005   9.30100E-002   3.96024E+003
   1.14000E+003   1.07826E+002   1.59320E-005   9.30100E-002   3.97430E+003
   1.15000E+003   1.06888E+002   1.59320E-005   9.30100E-002   3.98815E+003
   1.16000E+003   1.05967E+002   1.59320E-005   9.30100E-002   4.00179E+003
   1.17000E+003   1.05061E+002   1.59320E-005   9.30100E-002   4.01523E+003
   1.18000E+003   1.04171E+002   1.59320E-005   9.30100E-002   4.02848E+003
   1.19000E+003   1.03296E+002   1.59320E-005   9.30100E-002   4.04152E+003
