#!CONVERGE_VERSION=2.4
#=======================


#DIESEL2
#!              PowerIdx  ConsistentIdx  YieldStress(N/m2)  SolidViscosity(m2/s)
#NON_NEWTONIAN        1             1           1                    1
#!              RefPressure[Pa]  RefDensity[kg/m3]  BulkModulus[Pa]
#Compressible          101325               848         1.9e+09
#!              CriticalTemp[K]
#Critical_temp             736
#!Temperature  Viscosity   Surf tension Heat of Vapo  Vapor pres  Conductivity   Density    Specific heat
#!    [K]      [N*s/m^2]      [N/m]        [J/kg]        [Pa]       [W/(m*K)]    [kg/m^3]     [J/(kg*K)]
1.000000e+01 4.700000e-03 3.001000e-02 3.787000e+05 0.000000e+00 1.215000e-01 8.480000e+02 2.167515e+03 
2.000000e+01 4.700000e-03 3.001000e-02 3.774000e+05 0.000000e+00 1.215000e-01 8.480000e+02 2.167515e+03 
3.000000e+01 4.700000e-03 3.001000e-02 3.761000e+05 0.000000e+00 1.215000e-01 8.480000e+02 2.167515e+03 
4.000000e+01 4.700000e-03 3.001000e-02 3.748000e+05 0.000000e+00 1.215000e-01 8.480000e+02 2.167515e+03 
5.000000e+01 4.700000e-03 3.001000e-02 3.735000e+05 0.000000e+00 1.215000e-01 8.480000e+02 2.167515e+03 
6.000000e+01 4.700000e-03 3.001000e-02 3.722000e+05 0.000000e+00 1.215000e-01 8.480000e+02 2.167515e+03 
7.000000e+01 4.700000e-03 3.001000e-02 3.709000e+05 0.000000e+00 1.215000e-01 8.480000e+02 2.167515e+03 
8.000000e+01 4.700000e-03 3.001000e-02 3.696000e+05 0.000000e+00 1.215000e-01 8.480000e+02 2.167515e+03 
9.000000e+01 4.700000e-03 3.001000e-02 3.683000e+05 0.000000e+00 1.215000e-01 8.480000e+02 2.167515e+03 
1.000000e+02 4.700000e-03 3.001000e-02 3.670000e+05 0.000000e+00 1.215000e-01 8.480000e+02 2.167515e+03 
1.100000e+02 4.700000e-03 3.001000e-02 3.653000e+05 0.000000e+00 1.215000e-01 8.480000e+02 2.167515e+03 
1.200000e+02 4.700000e-03 3.001000e-02 3.636000e+05 0.000000e+00 1.215000e-01 8.480000e+02 2.167515e+03 
1.300000e+02 4.700000e-03 3.001000e-02 3.619000e+05 0.000000e+00 1.215000e-01 8.480000e+02 2.167515e+03 
1.400000e+02 4.700000e-03 3.001000e-02 3.602000e+05 0.000000e+00 1.215000e-01 8.480000e+02 2.167515e+03 
1.500000e+02 4.700000e-03 3.001000e-02 3.585000e+05 0.000000e+00 1.215000e-01 8.480000e+02 2.167515e+03 
1.600000e+02 4.700000e-03 3.001000e-02 3.568000e+05 0.000000e+00 1.215000e-01 8.480000e+02 2.167515e+03 
1.700000e+02 4.700000e-03 3.001000e-02 3.551000e+05 0.000000e+00 1.215000e-01 8.480000e+02 2.167515e+03 
1.800000e+02 4.700000e-03 3.001000e-02 3.534000e+05 0.000000e+00 1.215000e-01 8.480000e+02 2.167515e+03 
1.900000e+02 4.700000e-03 3.001000e-02 3.517000e+05 0.000000e+00 1.215000e-01 8.480000e+02 2.167515e+03 
2.000000e+02 4.700000e-03 3.001000e-02 3.500000e+05 0.000000e+00 1.215000e-01 8.480000e+02 2.167515e+03 
2.100000e+02 4.700000e-03 3.001000e-02 3.475000e+05 0.000000e+00 1.215000e-01 8.480000e+02 2.167515e+03 
2.200000e+02 4.700000e-03 3.001000e-02 3.450000e+05 0.000000e+00 1.215000e-01 8.480000e+02 2.167515e+03 
2.300000e+02 4.700000e-03 3.001000e-02 3.425000e+05 0.000000e+00 1.215000e-01 8.480000e+02 2.167515e+03 
2.400000e+02 4.700000e-03 3.001000e-02 3.400000e+05 0.000000e+00 1.215000e-01 8.480000e+02 2.167515e+03 
2.500000e+02 4.700000e-03 3.001000e-02 3.375000e+05 0.000000e+00 1.215000e-01 8.480000e+02 2.167515e+03 
2.600000e+02 4.700000e-03 3.001000e-02 3.350000e+05 0.000000e+00 1.207100e-01 8.480000e+02 2.167515e+03 
2.700000e+02 4.700000e-03 3.001000e-02 3.325000e+05 0.000000e+00 1.195600e-01 8.480000e+02 2.167515e+03 
2.800000e+02 4.700000e-03 3.001000e-02 3.300000e+05 0.000000e+00 1.184100e-01 8.480000e+02 2.167515e+03 
2.900000e+02 3.450000e-03 2.935000e-02 3.275000e+05 0.000000e+00 1.172600e-01 8.480000e+02 2.190356e+03 
3.000000e+02 2.700000e-03 2.869000e-02 3.250000e+05 0.000000e+00 1.161100e-01 8.480000e+02 2.212360e+03 
3.100000e+02 2.200000e-03 2.804000e-02 3.219700e+05 0.000000e+00 1.149600e-01 8.480000e+02 2.233681e+03 
3.200000e+02 1.800000e-03 2.738000e-02 3.189400e+05 0.000000e+00 1.137800e-01 8.480000e+02 2.254472e+03 
3.300000e+02 1.520000e-03 2.672000e-02 3.159100e+05 0.000000e+00 1.125800e-01 8.480000e+02 2.274888e+03 
3.400000e+02 1.300000e-03 2.606000e-02 3.128800e+05 0.000000e+00 1.114100e-01 8.480000e+02 2.295082e+03 
3.500000e+02 1.130000e-03 2.540000e-02 3.098500e+05 5.130000e+01 1.102600e-01 8.480000e+02 2.315209e+03 
3.600000e+02 1.000000e-03 2.475000e-02 3.068200e+05 1.020000e+02 1.091100e-01 8.480000e+02 2.335422e+03 
3.700000e+02 8.800000e-04 2.409000e-02 3.037900e+05 1.910000e+02 1.079600e-01 8.480000e+02 2.355874e+03 
3.800000e+02 7.900000e-04 2.343000e-02 3.007600e+05 3.380000e+02 1.068100e-01 8.480000e+02 2.376720e+03 
3.900000e+02 7.100000e-04 2.277000e-02 2.977300e+05 5.730000e+02 1.056600e-01 8.480000e+02 2.398114e+03 
4.000000e+02 6.400000e-04 2.211000e-02 2.947000e+05 9.360000e+02 1.045100e-01 8.480000e+02 2.420208e+03 
4.100000e+02 5.800000e-04 2.145000e-02 2.907500e+05 1.480000e+03 1.033600e-01 8.480000e+02 2.443159e+03 
4.200000e+02 5.300000e-04 2.080000e-02 2.868000e+05 2.270000e+03 1.022100e-01 8.480000e+02 2.467118e+03 
4.300000e+02 4.800000e-04 2.014000e-02 2.828500e+05 3.400000e+03 1.010600e-01 8.480000e+02 2.492240e+03 
4.400000e+02 4.400000e-04 1.948000e-02 2.789000e+05 4.980000e+03 9.991000e-02 8.480000e+02 2.518678e+03 
4.500000e+02 4.060000e-04 1.882000e-02 2.749500e+05 7.150000e+03 9.876000e-02 8.480000e+02 2.546587e+03 
4.600000e+02 3.750000e-04 1.816000e-02 2.710000e+05 1.010000e+04 9.761000e-02 8.480000e+02 2.576121e+03 
4.700000e+02 3.480000e-04 1.751000e-02 2.670500e+05 1.400000e+04 9.646000e-02 8.480000e+02 2.607432e+03 
4.800000e+02 3.230000e-04 1.685000e-02 2.631000e+05 1.910000e+04 9.531000e-02 8.480000e+02 2.640676e+03 
4.900000e+02 3.000000e-04 1.619000e-02 2.591500e+05 2.570000e+04 9.416000e-02 8.480000e+02 2.676006e+03 
5.000000e+02 2.810000e-04 1.553000e-02 2.552000e+05 3.420000e+04 9.301000e-02 8.480000e+02 2.713575e+03 
5.100000e+02 2.640000e-04 1.487000e-02 2.498000e+05 4.500000e+04 9.186000e-02 8.480000e+02 2.753537e+03 
5.200000e+02 2.490000e-04 1.422000e-02 2.444000e+05 5.860000e+04 9.071000e-02 8.480000e+02 2.796047e+03 
5.300000e+02 2.350000e-04 1.356000e-02 2.390000e+05 7.550000e+04 8.956000e-02 8.480000e+02 2.841258e+03 
5.400000e+02 2.210000e-04 1.290000e-02 2.336000e+05 9.730000e+04 8.841000e-02 8.480000e+02 2.889324e+03 
5.500000e+02 2.100000e-04 1.224000e-02 2.282000e+05 1.180000e+05 8.726000e-02 8.480000e+02 2.940399e+03 
5.600000e+02 1.990000e-04 1.158000e-02 2.228000e+05 1.430000e+05 8.611000e-02 8.480000e+02 2.994637e+03 
5.700000e+02 1.880000e-04 1.092000e-02 2.174000e+05 1.730000e+05 8.496000e-02 8.480000e+02 3.052191e+03 
5.800000e+02 1.790000e-04 1.027000e-02 2.120000e+05 2.060000e+05 8.381000e-02 8.480000e+02 3.113215e+03 
5.900000e+02 1.720000e-04 9.610000e-03 2.066000e+05 2.460000e+05 8.266000e-02 8.480000e+02 3.177864e+03 
6.000000e+02 1.640000e-04 8.950000e-03 2.012000e+05 2.910000e+05 8.151000e-02 8.480000e+02 3.246290e+03 
6.100000e+02 1.590000e-04 8.290000e-03 1.905000e+05 3.420000e+05 8.036000e-02 8.480000e+02 3.318648e+03 
6.200000e+02 1.540000e-04 7.630000e-03 1.798000e+05 4.010000e+05 7.921000e-02 8.480000e+02 3.395092e+03 
6.300000e+02 1.500000e-04 6.980000e-03 1.691000e+05 4.860000e+05 7.806000e-02 8.480000e+02 3.418845e+03 
6.400000e+02 1.460000e-04 6.320000e-03 1.584000e+05 5.450000e+05 7.691000e-02 8.480000e+02 3.418845e+03 
6.500000e+02 1.420000e-04 5.660000e-03 1.477100e+05 6.310000e+05 7.576000e-02 8.480000e+02 3.418845e+03 
6.600000e+02 1.390000e-04 5.000000e-03 1.370100e+05 7.280000e+05 7.461000e-02 8.480000e+02 3.418845e+03 
6.700000e+02 1.360000e-04 4.340000e-03 1.263100e+05 8.370000e+05 7.346000e-02 8.480000e+02 3.418845e+03 
6.800000e+02 1.330000e-04 3.690000e-03 1.156100e+05 9.590000e+05 7.231000e-02 8.480000e+02 3.418845e+03 
6.900000e+02 1.300000e-04 3.030000e-03 1.049100e+05 1.100000e+06 7.116000e-02 8.480000e+02 3.418845e+03 
7.000000e+02 1.280000e-04 2.370000e-03 9.421000e+04 1.250000e+06 7.001000e-02 8.480000e+02 3.418845e+03 
7.100000e+02 1.260000e-04 1.710000e-03 8.478900e+04 1.420000e+06 6.886000e-02 8.480000e+02 3.418845e+03 
7.200000e+02 1.240000e-04 1.050000e-03 7.536800e+04 1.610000e+06 6.771000e-02 8.480000e+02 3.418845e+03 
7.300000e+02 1.220000e-04 3.900000e-04 6.594700e+04 1.810000e+06 6.656000e-02 8.480000e+02 3.418845e+03 
7.400000e+02 1.200000e-04 -2.600000e-04 0.000000e+00 2.040000e+06 6.541000e-02 8.480000e+02 3.418845e+03 
