# Fuel Properties
#=======================
FUEL_NAME
OME4
SMILES
COCOCOCOCOC
CHEMICAL_FORMULA
C6H14O5
MOLECULAR_WEIGHT
166.172E-3
T_CRIT
616.581
P_CRIT
2.95007E+06
V_CRIT
0.533478
MELTING_POINT
256.499
NORMAL_BOILING_POINT
424.45
LIQUID
2.000000E+02	3.753790E-03	2.460000E-02	3.313130E+05	1.268757E-03	2.814330E-01	1.105520E+03	1.609190E+03
2.100000E+02	3.753790E-03	2.460000E-02	3.313130E+05	6.789537E-03	2.814330E-01	1.105520E+03	1.609190E+03
2.200000E+02	3.753790E-03	2.460000E-02	3.313130E+05	3.072318E-02	2.814330E-01	1.105520E+03	1.609190E+03
2.300000E+02	3.753790E-03	2.460000E-02	3.313130E+05	1.202439E-01	2.814330E-01	1.105520E+03	1.609190E+03
2.400000E+02	3.753790E-03	2.460000E-02	3.313130E+05	4.147463E-01	2.814330E-01	1.105520E+03	1.609190E+03
2.500000E+02	3.753790E-03	2.460000E-02	3.313130E+05	1.280721E+00	2.814330E-01	1.105520E+03	1.609190E+03
2.600000E+02	3.753790E-03	2.460000E-02	3.313130E+05	3.587944E+00	2.814330E-01	1.105520E+03	1.609190E+03
2.700000E+02	3.566220E-03	2.460000E-02	3.305420E+05	9.222674E+00	2.800630E-01	1.096090E+03	1.609130E+03
2.800000E+02	2.802010E-03	2.460000E-02	3.267810E+05	2.196249E+01	2.734290E-01	1.085440E+03	1.609240E+03
2.900000E+02	2.253090E-03	2.460000E-02	3.231830E+05	4.885724E+01	2.671370E-01	1.075290E+03	1.609950E+03
3.000000E+02	1.849430E-03	2.409240E-02	3.197460E+05	1.022639E+02	2.611700E-01	1.065520E+03	1.611260E+03
3.100000E+02	1.546300E-03	2.343400E-02	3.164670E+05	2.026659E+02	2.555070E-01	1.055980E+03	1.613180E+03
3.200000E+02	1.314380E-03	2.277250E-02	3.133460E+05	3.823678E+02	2.501300E-01	1.046570E+03	1.615710E+03
3.300000E+02	1.133960E-03	2.210790E-02	3.103800E+05	6.901029E+02	2.450220E-01	1.037180E+03	1.618840E+03
3.400000E+02	9.914980E-04	2.144000E-02	3.075680E+05	1.196532E+03	2.401650E-01	1.027710E+03	1.622580E+03
3.500000E+02	8.774940E-04	2.076860E-02	3.049090E+05	2.000552E+03	2.355450E-01	1.018080E+03	1.626920E+03
3.600000E+02	7.851710E-04	2.009360E-02	3.024000E+05	3.236308E+03	2.311440E-01	1.008200E+03	1.631860E+03
3.700000E+02	7.096030E-04	1.941490E-02	3.000430E+05	5.080786E+03	2.269490E-01	9.979990E+02	1.637420E+03
3.800000E+02	6.471590E-04	1.873230E-02	2.978340E+05	7.761892E+03	2.229450E-01	9.874190E+02	1.643570E+03
3.900000E+02	5.951220E-04	1.804560E-02	2.957750E+05	1.156700E+04	2.191200E-01	9.764040E+02	1.650330E+03
4.000000E+02	5.514310E-04	1.735450E-02	2.938630E+05	1.685205E+04	2.154610E-01	9.649100E+02	1.657700E+03
4.100000E+02	5.145060E-04	1.665890E-02	2.920980E+05	2.405142E+04	2.119560E-01	9.528990E+02	1.665670E+03
4.200000E+02	4.831200E-04	1.595850E-02	2.904780E+05	3.368893E+04	2.085940E-01	9.403440E+02	1.674250E+03
4.300000E+02	4.563100E-04	1.525300E-02	2.890040E+05	4.639068E+04	2.053660E-01	9.272280E+02	1.683430E+03
4.400000E+02	4.333170E-04	1.454210E-02	2.876740E+05	6.290039E+04	2.022600E-01	9.135390E+02	1.693220E+03
4.500000E+02	4.135300E-04	1.382550E-02	2.864850E+05	8.409855E+04	1.992700E-01	8.992770E+02	1.703620E+03
4.600000E+02	3.964590E-04	1.310260E-02	2.854350E+05	1.110267E+05	1.963860E-01	8.844500E+02	1.714610E+03
4.700000E+02	3.817070E-04	1.237320E-02	2.845190E+05	1.449185E+05	1.936010E-01	8.690740E+02	1.726220E+03
4.800000E+02	3.689470E-04	1.163660E-02	2.837330E+05	1.872410E+05	1.909090E-01	8.531750E+02	1.738430E+03
4.900000E+02	3.579120E-04	1.089230E-02	2.830690E+05	2.397471E+05	1.883030E-01	8.367870E+02	1.751240E+03
5.000000E+02	3.483790E-04	1.013950E-02	2.825130E+05	3.045459E+05	1.857800E-01	8.199530E+02	1.764660E+03
5.100000E+02	3.401630E-04	9.377410E-03	2.820480E+05	3.841942E+05	1.833330E-01	8.027250E+02	1.778690E+03
5.200000E+02	3.331080E-04	8.605000E-03	2.816490E+05	4.818168E+05	1.809610E-01	7.851630E+02	1.793320E+03
5.300000E+02	3.270840E-04	7.821000E-03	2.812760E+05	6.012662E+05	1.786590E-01	7.673370E+02	1.808550E+03
5.400000E+02	3.219800E-04	7.023840E-03	2.808680E+05	7.473337E+05	1.764260E-01	7.493250E+02	1.824390E+03
5.500000E+02	3.177000E-04	6.211500E-03	2.803290E+05	9.260298E+05	1.742600E-01	7.312140E+02	1.840840E+03
5.600000E+02	3.141660E-04	5.381250E-03	2.795000E+05	1.144961E+06	1.721610E-01	7.131010E+02	1.857890E+03
5.700000E+02	3.113080E-04	4.529290E-03	2.781070E+05	1.413838E+06	1.701280E-01	6.950890E+02	1.875540E+03
5.800000E+02	3.090660E-04	3.649950E-03	2.756340E+05	1.745162E+06	1.681630E-01	6.772930E+02	1.893810E+03
5.900000E+02	3.073890E-04	2.733870E-03	2.709760E+05	2.155170E+06	1.662660E-01	6.598340E+02	1.912670E+03
6.000000E+02	3.062340E-04	1.762920E-03	2.612000E+05	2.665137E+06	1.644410E-01	6.428440E+02	1.932140E+03
6.100000E+02	3.055610E-04	6.861780E-04	2.329690E+05	3.303185E+06	1.626890E-01	6.264630E+02	1.952220E+03
6.200000E+02	3.053820E-04	0.000000E+00	0.000000E+00	3.774946E+06	1.617420E-01	6.090370E+02	1.963730E+03
6.300000E+02	3.053820E-04	0.000000E+00	0.000000E+00	3.774946E+06	1.617420E-01	6.090370E+02	1.963730E+03
6.400000E+02	3.053820E-04	0.000000E+00	0.000000E+00	3.774946E+06	1.617420E-01	6.090370E+02	1.963730E+03
6.500000E+02	3.053820E-04	0.000000E+00	0.000000E+00	3.774946E+06	1.617420E-01	6.090370E+02	1.963730E+03
6.600000E+02	3.053820E-04	0.000000E+00	0.000000E+00	3.774946E+06	1.617420E-01	6.090370E+02	1.963730E+03
6.700000E+02	3.053820E-04	0.000000E+00	0.000000E+00	3.774946E+06	1.617420E-01	6.090370E+02	1.963730E+03
6.800000E+02	3.053820E-04	0.000000E+00	0.000000E+00	3.774946E+06	1.617420E-01	6.090370E+02	1.963730E+03
6.900000E+02	3.053820E-04	0.000000E+00	0.000000E+00	3.774946E+06	1.617420E-01	6.090370E+02	1.963730E+03
7.000000E+02	3.053820E-04	0.000000E+00	0.000000E+00	3.774946E+06	1.617420E-01	6.090370E+02	1.963730E+03
7.100000E+02	3.053820E-04	0.000000E+00	0.000000E+00	3.774946E+06	1.617420E-01	6.090370E+02	1.963730E+03
7.200000E+02	3.053820E-04	0.000000E+00	0.000000E+00	3.774946E+06	1.617420E-01	6.090370E+02	1.963730E+03
7.300000E+02	3.053820E-04	0.000000E+00	0.000000E+00	3.774946E+06	1.617420E-01	6.090370E+02	1.963730E+03
7.400000E+02	3.053820E-04	0.000000E+00	0.000000E+00	3.774946E+06	1.617420E-01	6.090370E+02	1.963730E+03
7.500000E+02	3.053820E-04	0.000000E+00	0.000000E+00	3.774946E+06	1.617420E-01	6.090370E+02	1.963730E+03
7.600000E+02	3.053820E-04	0.000000E+00	0.000000E+00	3.774946E+06	1.617420E-01	6.090370E+02	1.963730E+03
7.700000E+02	3.053820E-04	0.000000E+00	0.000000E+00	3.774946E+06	1.617420E-01	6.090370E+02	1.963730E+03
7.800000E+02	3.053820E-04	0.000000E+00	0.000000E+00	3.774946E+06	1.617420E-01	6.090370E+02	1.963730E+03
7.900000E+02	3.053820E-04	0.000000E+00	0.000000E+00	3.774946E+06	1.617420E-01	6.090370E+02	1.963730E+03
8.000000E+02	3.053820E-04	0.000000E+00	0.000000E+00	3.774946E+06	1.617420E-01	6.090370E+02	1.963730E+03
8.100000E+02	3.053820E-04	0.000000E+00	0.000000E+00	3.774946E+06	1.617420E-01	6.090370E+02	1.963730E+03
8.200000E+02	3.053820E-04	0.000000E+00	0.000000E+00	3.774946E+06	1.617420E-01	6.090370E+02	1.963730E+03
8.300000E+02	3.053820E-04	0.000000E+00	0.000000E+00	3.774946E+06	1.617420E-01	6.090370E+02	1.963730E+03
8.400000E+02	3.053820E-04	0.000000E+00	0.000000E+00	3.774946E+06	1.617420E-01	6.090370E+02	1.963730E+03
8.500000E+02	3.053820E-04	0.000000E+00	0.000000E+00	3.774946E+06	1.617420E-01	6.090370E+02	1.963730E+03
8.600000E+02	3.053820E-04	0.000000E+00	0.000000E+00	3.774946E+06	1.617420E-01	6.090370E+02	1.963730E+03
8.700000E+02	3.053820E-04	0.000000E+00	0.000000E+00	3.774946E+06	1.617420E-01	6.090370E+02	1.963730E+03
8.800000E+02	3.053820E-04	0.000000E+00	0.000000E+00	3.774946E+06	1.617420E-01	6.090370E+02	1.963730E+03
8.900000E+02	3.053820E-04	0.000000E+00	0.000000E+00	3.774946E+06	1.617420E-01	6.090370E+02	1.963730E+03
9.000000E+02	3.053820E-04	0.000000E+00	0.000000E+00	3.774946E+06	1.617420E-01	6.090370E+02	1.963730E+03
9.100000E+02	3.053820E-04	0.000000E+00	0.000000E+00	3.774946E+06	1.617420E-01	6.090370E+02	1.963730E+03
9.200000E+02	3.053820E-04	0.000000E+00	0.000000E+00	3.774946E+06	1.617420E-01	6.090370E+02	1.963730E+03
9.300000E+02	3.053820E-04	0.000000E+00	0.000000E+00	3.774946E+06	1.617420E-01	6.090370E+02	1.963730E+03
9.400000E+02	3.053820E-04	0.000000E+00	0.000000E+00	3.774946E+06	1.617420E-01	6.090370E+02	1.963730E+03
9.500000E+02	3.053820E-04	0.000000E+00	0.000000E+00	3.774946E+06	1.617420E-01	6.090370E+02	1.963730E+03
9.600000E+02	3.053820E-04	0.000000E+00	0.000000E+00	3.774946E+06	1.617420E-01	6.090370E+02	1.963730E+03
9.700000E+02	3.053820E-04	0.000000E+00	0.000000E+00	3.774946E+06	1.617420E-01	6.090370E+02	1.963730E+03
9.800000E+02	3.053820E-04	0.000000E+00	0.000000E+00	3.774946E+06	1.617420E-01	6.090370E+02	1.963730E+03
9.900000E+02	3.053820E-04	0.000000E+00	0.000000E+00	3.774946E+06	1.617420E-01	6.090370E+02	1.963730E+03
VAPOR
200	2.46987E-06	0.00509586	-9999	1444.9	-9999
210	2.46987E-06	0.00509586	-9999	1444.9	-9999
220	2.46987E-06	0.00509586	-9999	1444.9	-9999
230	2.46987E-06	0.00509586	-9999	1444.9	-9999
240	2.46987E-06	0.00509586	-9999	1444.9	-9999
250	2.46987E-06	0.00509586	-9999	1444.9	-9999
260	2.46987E-06	0.00509586	-9999	1444.9	-9999
270	2.50688E-06	0.00509586	-9999	1448	-9999
280	2.69608E-06	0.00563596	-9999	1463.52	-9999
290	2.89217E-06	0.00611098	-9999	1479.03	-9999
300	3.09511E-06	0.0066091	-9999	1494.55	-9999
310	3.30488E-06	0.00713074	-9999	1510.07	-9999
320	3.52145E-06	0.00767631	-9999	1525.58	-9999
330	3.74479E-06	0.00824619	-9999	1541.1	-9999
340	3.97486E-06	0.00884081	-9999	1556.62	-9999
350	4.21164E-06	0.00946055	-9999	1572.13	-9999
360	4.45508E-06	0.0101058	-9999	1587.65	-9999
370	4.70516E-06	0.010777	-9999	1603.17	-9999
380	4.96185E-06	0.0114745	-9999	1618.68	-9999
390	5.2251E-06	0.0121986	-9999	1634.2	-9999
400	5.49488E-06	0.0129498	-9999	1649.71	-9999
410	5.77115E-06	0.0137285	-9999	1665.23	-9999
420	6.05389E-06	0.0145349	-9999	1680.75	-9999
430	6.34305E-06	0.0153695	-9999	1696.26	-9999
440	6.63859E-06	0.0162326	-9999	1711.78	-9999
450	6.94049E-06	0.0171246	-9999	1727.3	-9999
460	7.2487E-06	0.0180457	-9999	1742.81	-9999
470	7.56319E-06	0.0189964	-9999	1758.33	-9999
480	7.88392E-06	0.019977	-9999	1773.85	-9999
490	8.21085E-06	0.0209877	-9999	1789.36	-9999
500	8.54395E-06	0.022029	-9999	1804.88	-9999
510	8.88317E-06	0.023101	-9999	1820.39	-9999
520	9.22849E-06	0.024204	-9999	1835.91	-9999
530	9.57986E-06	0.0253384	-9999	1851.43	-9999
540	9.93725E-06	0.0265044	-9999	1866.94	-9999
550	1.03006E-05	0.0277023	-9999	1882.46	-9999
560	1.06699E-05	0.0289323	-9999	1897.98	-9999
570	1.10452E-05	0.0301946	-9999	1913.49	-9999
580	1.14263E-05	0.0314895	-9999	1929.01	-9999
590	1.18132E-05	0.0328171	-9999	1944.53	-9999
600	1.22059E-05	0.0341776	-9999	1960.04	-9999
610	1.26044E-05	0.0355713	-9999	1975.56	-9999
620	1.30086E-05	0.0369982	-9999	1991.07	-9999
630	1.30086E-05	0.0369982	-9999	1991.07	-9999
640	1.30086E-05	0.0369982	-9999	1991.07	-9999
650	1.30086E-05	0.0369982	-9999	1991.07	-9999
660	1.30086E-05	0.0369982	-9999	1991.07	-9999
670	1.30086E-05	0.0369982	-9999	1991.07	-9999
680	1.30086E-05	0.0369982	-9999	1991.07	-9999
690	1.30086E-05	0.0369982	-9999	1991.07	-9999
700	1.30086E-05	0.0369982	-9999	1991.07	-9999
710	1.30086E-05	0.0369982	-9999	1991.07	-9999
720	1.30086E-05	0.0369982	-9999	1991.07	-9999
730	1.30086E-05	0.0369982	-9999	1991.07	-9999
740	1.30086E-05	0.0369982	-9999	1991.07	-9999
750	1.30086E-05	0.0369982	-9999	1991.07	-9999
760	1.30086E-05	0.0369982	-9999	1991.07	-9999
770	1.30086E-05	0.0369982	-9999	1991.07	-9999
780	1.30086E-05	0.0369982	-9999	1991.07	-9999
790	1.30086E-05	0.0369982	-9999	1991.07	-9999
800	1.30086E-05	0.0369982	-9999	1991.07	-9999
810	1.30086E-05	0.0369982	-9999	1991.07	-9999
820	1.30086E-05	0.0369982	-9999	1991.07	-9999
830	1.30086E-05	0.0369982	-9999	1991.07	-9999
840	1.30086E-05	0.0369982	-9999	1991.07	-9999
850	1.30086E-05	0.0369982	-9999	1991.07	-9999
860	1.30086E-05	0.0369982	-9999	1991.07	-9999
870	1.30086E-05	0.0369982	-9999	1991.07	-9999
880	1.30086E-05	0.0369982	-9999	1991.07	-9999
890	1.30086E-05	0.0369982	-9999	1991.07	-9999
900	1.30086E-05	0.0369982	-9999	1991.07	-9999
910	1.30086E-05	0.0369982	-9999	1991.07	-9999
920	1.30086E-05	0.0369982	-9999	1991.07	-9999
930	1.30086E-05	0.0369982	-9999	1991.07	-9999
940	1.30086E-05	0.0369982	-9999	1991.07	-9999
950	1.30086E-05	0.0369982	-9999	1991.07	-9999
960	1.30086E-05	0.0369982	-9999	1991.07	-9999
970	1.30086E-05	0.0369982	-9999	1991.07	-9999
980	1.30086E-05	0.0369982	-9999	1991.07	-9999
990	1.30086E-05	0.0369982	-9999	1991.07	-9999
END
