# Fuel Properties
#=======================
FUEL_NAME
ndodecane
SMILES
CCCCCCCCCCCC
CHEMICAL_FORMULA
C12H26
MOLECULAR_WEIGHT
170.33E-3
T_CRIT
657.0
P_CRIT
1.8223+06
V_CRIT
0.716
MELTING_POINT
263.57
NORMAL_BOILING_POINT
489.47
LIQUID
0.0000000	0.0028500	0.0271200	5.16000E+05	0.00000E+00	0.1506000	937.1800000	1718.7000000
10.0000000	0.0028500	0.0271200	5.10800E+05	0.00000E+00	0.1506000	931.3000000	1718.7000000
20.0000000	0.0028500	0.0271200	5.05600E+05	0.00000E+00	0.1506000	925.3900000	1718.7000000
30.0000000	0.0028500	0.0271200	5.00400E+05	0.00000E+00	0.1506000	919.4500000	1718.7000000
40.0000000	0.0028500	0.0271200	4.95200E+05	0.00000E+00	0.1506000	913.4800000	1718.7000000
50.0000000	0.0028500	0.0271200	4.90000E+05	0.00000E+00	0.1506000	907.4900000	1718.7000000
60.0000000	0.0028500	0.0271200	4.84800E+05	0.00000E+00	0.1506000	901.4600000	1718.7000000
70.0000000	0.0028500	0.0271200	4.79600E+05	0.00000E+00	0.1506000	895.4000000	1718.7000000
80.0000000	0.0028500	0.0271200	4.74400E+05	0.00000E+00	0.1506000	889.3100000	1718.7000000
90.0000000	0.0028500	0.0271200	4.69200E+05	0.00000E+00	0.1506000	883.1800000	1718.7000000
100.0000000	0.0028500	0.0271200	4.64000E+05	0.00000E+00	0.1506000	877.0200000	1718.7000000
110.0000000	0.0028500	0.0271200	4.58800E+05	0.00000E+00	0.1506000	870.8200000	1718.7000000
120.0000000	0.0028500	0.0271200	4.53600E+05	0.00000E+00	0.1506000	864.5900000	1718.7000000
130.0000000	0.0028500	0.0271200	4.48400E+05	0.00000E+00	0.1506000	858.3200000	1718.7000000
140.0000000	0.0028500	0.0271200	4.43200E+05	0.00000E+00	0.1506000	852.0100000	1718.7000000
150.0000000	0.0028500	0.0271200	4.38000E+05	0.00000E+00	0.1506000	845.6600000	1718.7000000
160.0000000	0.0028500	0.0271200	4.32800E+05	0.00000E+00	0.1506000	839.2700000	1718.7000000
170.0000000	0.0028500	0.0271200	4.27600E+05	0.00000E+00	0.1506000	832.8300000	1718.7000000
180.0000000	0.0028500	0.0271200	4.22400E+05	0.00000E+00	0.1506000	826.3500000	1718.7000000
190.0000000	0.0028500	0.0271200	4.17200E+05	0.00000E+00	0.1506000	819.8200000	1718.7000000
200.0000000	0.0028500	0.0271200	4.12000E+05	0.00000E+00	0.1506000	813.2500000	1718.7000000
210.0000000	0.0028500	0.0271200	4.06800E+05	0.00000E+00	0.1506000	806.6300000	1718.7000000
220.0000000	0.0028500	0.0271200	4.01600E+05	0.00000E+00	0.1506000	799.9500000	1718.7000000
230.0000000	0.0028500	0.0271200	3.96400E+05	0.00000E+00	0.1506000	793.2200000	1718.7000000
240.0000000	0.0028500	0.0271200	3.91200E+05	0.00000E+00	0.1506000	786.4400000	1718.7000000
250.0000000	0.0028500	0.0271200	3.86000E+05	0.00000E+00	0.1506000	779.5900000	1718.7000000
260.0000000	0.0028500	0.0271200	3.80800E+05	0.00000E+00	0.1491300	772.6900000	1718.7000000
270.0000000	0.0024250	0.0271200	3.75600E+05	1.23000E+00	0.1469800	765.7300000	1718.7000000
280.0000000	0.0019460	0.0265200	3.70400E+05	3.73000E+00	0.1448300	758.7000000	1752.2000000
290.0000000	0.0015930	0.0256300	3.65200E+05	9.73000E+00	0.1426800	751.6000000	1787.1000000
300.0000000	0.0013280	0.0247500	3.60000E+05	2.37000E+01	0.1405300	744.4300000	1823.0000000
310.0000000	0.0011240	0.0238600	3.54800E+05	5.32000E+01	0.1383800	737.1900000	1859.8000000
320.0000000	0.0009655	0.0229800	3.49600E+05	1.11000E+02	0.1361900	729.8700000	1897.4000000
330.0000000	0.0008387	0.0220900	3.44400E+05	2.19000E+02	0.1339900	722.4600000	1935.5000000
340.0000000	0.0007370	0.0212100	3.39200E+05	4.07000E+02	0.1317600	714.9700000	1974.0000000
350.0000000	0.0006531	0.0203300	3.34000E+05	7.24000E+02	0.1295100	707.3900000	2012.8000000
360.0000000	0.0005837	0.0194400	3.28800E+05	1.23000E+03	0.1272600	699.7200000	2051.8000000
370.0000000	0.0005255	0.0185600	3.23600E+05	2.02000E+03	0.1250100	691.9400000	2090.9000000
380.0000000	0.0004760	0.0176700	3.18400E+05	3.20000E+03	0.1227900	684.0600000	2130.0000000
390.0000000	0.0004336	0.0167900	3.13200E+05	4.91000E+03	0.1205900	676.0700000	2169.1000000
400.0000000	0.0003968	0.0159300	3.08000E+05	7.34000E+03	0.1183600	667.9500000	2208.0000000
410.0000000	0.0003646	0.0151000	3.02800E+05	1.07000E+04	0.1161100	659.7100000	2246.7000000
420.0000000	0.0003361	0.0143000	2.97600E+05	1.52000E+04	0.1138600	651.3400000	2285.1000000
430.0000000	0.0003107	0.0135000	2.92400E+05	2.13000E+04	0.1116100	642.8100000	2323.3000000
440.0000000	0.0002879	0.0127200	2.87200E+05	2.91000E+04	0.1093600	634.1400000	2361.2000000
450.0000000	0.0002674	0.0119700	2.82000E+05	3.91700E+04	0.1071100	625.2900000	2398.7000000
460.0000000	0.0002486	0.0112400	2.76800E+05	5.18600E+04	0.1048600	616.2700000	2435.9000000
470.0000000	0.0002314	0.0105700	2.71600E+05	6.76500E+04	0.1026100	607.0400000	2472.7000000
480.0000000	0.0002156	0.0098400	2.66400E+05	8.70600E+04	0.1003600	597.6100000	2509.1000000
490.0000000	0.0002009	0.0091800	2.61200E+05	1.10600E+05	0.0981100	587.9400000	2545.0000000
500.0000000	0.0001873	0.0085000	2.56000E+05	1.38900E+05	0.0958600	578.0200000	2580.6000000
510.0000000	0.0001745	0.0078600	2.39800E+05	1.73000E+05	0.0936100	567.8100000	2615.9000000
520.0000000	0.0001626	0.0072400	2.23600E+05	2.12270E+05	0.0913600	557.2900000	2650.7000000
530.0000000	0.0001514	0.0066500	2.07400E+05	2.57100E+05	0.0891100	546.4100000	2685.2000000
540.0000000	0.0001408	0.0060400	1.91200E+05	3.09300E+05	0.0868600	535.1400000	2719.3000000
550.0000000	0.0001309	0.0054800	1.75000E+05	3.69500E+05	0.0846100	523.4100000	2753.2000000
560.0000000	0.0001215	0.0049000	1.58800E+05	4.38600E+05	0.0823600	511.1500000	2786.9000000
570.0000000	0.0001126	0.0043700	1.42600E+05	5.17600E+05	0.0801100	498.2800000	2820.3000000
580.0000000	0.0001042	0.0038500	1.26400E+05	6.07000E+05	0.0778600	484.6600000	2853.7000000
590.0000000	0.0000963	0.0032600	1.10200E+05	7.08700E+05	0.0756100	470.1500000	2887.2000000
600.0000000	0.0000888	0.0027700	9.40000E+04	8.22800E+05	0.0733600	454.5000000	2920.8000000
610.0000000	0.0000817	0.0022700	8.46000E+04	9.50500E+05	0.0711100	437.3800000	2955.0000000
620.0000000	0.0000751	0.0018000	7.52000E+04	1.09300E+06	0.0688600	418.2300000	2990.1000000
630.0000000	0.0000688	0.0013200	6.58000E+04	1.25100E+06	0.0666100	396.0600000	3026.9000000
640.0000000	0.0000629	0.0008500	5.64000E+04	1.42700E+06	0.0643600	368.6900000	3067.2000000
650.0000000	0.0000574	0.0003700	4.70000E+04	1.62000E+06	0.0621100	329.1300000	3116.3000000
660.0000000	0.0000521	-0.0000812	0.00000E+00	1.81300E+06	0.0598600	329.1300000	3116.3000000
VAPOR
2.0000000000000000E+02	3.5436484000000000E-06	3.7968649000000000E-02	-9.9990000000000000E+03	1.1367859000000000E+03	-9.9990000000000000E+03
2.1000000000000000E+02	3.6321274000000000E-06	3.2414664000000000E-02	-9.9990000000000000E+03	1.1915878000000000E+03	-9.9990000000000000E+03
2.2000000000000000E+02	3.7283518000000000E-06	2.7730468000000000E-02	-9.9990000000000000E+03	1.2456468000000000E+03	-9.9990000000000000E+03
2.3000000000000000E+02	3.8313572000000000E-06	2.3800929000000000E-02	-9.9990000000000000E+03	1.2989708000000000E+03	-9.9990000000000000E+03
2.4000000000000000E+02	3.9403402000000000E-06	2.0528267000000000E-02	-9.9990000000000000E+03	1.3515680000000000E+03	-9.9990000000000000E+03
2.5000000000000000E+02	4.0546240000000000E-06	1.7828982000000000E-02	-9.9990000000000000E+03	1.4034461000000000E+03	-9.9990000000000000E+03
2.6000000000000000E+02	4.1736326000000000E-06	1.5631415000000000E-02	-9.9990000000000000E+03	1.4546129000000000E+03	-9.9990000000000000E+03
2.7000000000000000E+02	4.2968708000000000E-06	1.3873791000000000E-02	-9.9990000000000000E+03	1.5050764000000000E+03	-9.9990000000000000E+03
2.8000000000000000E+02	4.4239098000000000E-06	1.2502634000000000E-02	-9.9990000000000000E+03	1.5548442000000000E+03	-9.9990000000000000E+03
2.9000000000000000E+02	4.5543750000000000E-06	1.1471478000000000E-02	-9.9990000000000000E+03	1.6039241000000000E+03	-9.9990000000000000E+03
3.0000000000000000E+02	4.6879371000000000E-06	1.0739810000000000E-02	-9.9990000000000000E+03	1.6523236000000000E+03	-9.9990000000000000E+03
3.1000000000000000E+02	4.8243049000000000E-06	1.0272205000000000E-02	-9.9990000000000000E+03	1.7000505000000000E+03	-9.9990000000000000E+03
3.2000000000000000E+02	4.9632199000000000E-06	1.0037600000000000E-02	-9.9990000000000000E+03	1.7471123000000000E+03	-9.9990000000000000E+03
3.3000000000000000E+02	5.1044521000000000E-06	1.0008710000000000E-02	-9.9990000000000000E+03	1.7935166000000000E+03	-9.9990000000000000E+03
3.4000000000000000E+02	5.2477966000000000E-06	1.0161535000000000E-02	-9.9990000000000000E+03	1.8392708000000000E+03	-9.9990000000000000E+03
3.5000000000000000E+02	5.3930723000000000E-06	1.0474973000000000E-02	-9.9990000000000000E+03	1.8843825000000000E+03	-9.9990000000000000E+03
3.6000000000000000E+02	5.5401212000000000E-06	1.0930504000000000E-02	-9.9990000000000000E+03	1.9288590000000000E+03	-9.9990000000000000E+03
3.7000000000000000E+02	5.6888094000000000E-06	1.1511967000000000E-02	-9.9990000000000000E+03	1.9727079000000000E+03	-9.9990000000000000E+03
3.8000000000000000E+02	5.8390302000000000E-06	1.2205406000000000E-02	-9.9990000000000000E+03	2.0159365000000000E+03	-9.9990000000000000E+03
3.9000000000000000E+02	5.9907098000000000E-06	1.2999009000000000E-02	-9.9990000000000000E+03	2.0585522000000000E+03	-9.9990000000000000E+03
4.0000000000000000E+02	6.1438156000000000E-06	1.3883124000000000E-02	-9.9990000000000000E+03	2.1005623000000000E+03	-9.9990000000000000E+03
4.1000000000000000E+02	6.2983688000000000E-06	1.4850391000000000E-02	-9.9990000000000000E+03	2.1419739000000000E+03	-9.9990000000000000E+03
4.2000000000000000E+02	6.4544626000000000E-06	1.5895970000000000E-02	-9.9990000000000000E+03	2.1827940000000000E+03	-9.9990000000000000E+03
4.3000000000000000E+02	6.6122858000000000E-06	1.7017901000000000E-02	-9.9990000000000000E+03	2.2230292000000000E+03	-9.9990000000000000E+03
4.4000000000000000E+02	6.7721555000000000E-06	1.8217587000000000E-02	-9.9990000000000000E+03	2.2626856000000000E+03	-9.9990000000000000E+03
4.5000000000000000E+02	6.9345593000000000E-06	1.9500436000000000E-02	-9.9990000000000000E+03	2.3017685000000000E+03	-9.9990000000000000E+03
4.6000000000000000E+02	7.1002105000000000E-06	2.0876630000000000E-02	-9.9990000000000000E+03	2.3402821000000000E+03	-9.9990000000000000E+03
4.7000000000000000E+02	7.2701206000000000E-06	2.2362045000000000E-02	-9.9990000000000000E+03	2.3782286000000000E+03	-9.9990000000000000E+03
4.8000000000000000E+02	7.4456937000000000E-06	2.3979267000000000E-02	-9.9990000000000000E+03	2.4156083000000000E+03	-9.9990000000000000E+03
4.9000000000000000E+02	7.6288517000000000E-06	2.5758677000000000E-02	-9.9990000000000000E+03	2.4524177000000000E+03	-9.9990000000000000E+03
5.0000000000000000E+02	7.8222038000000000E-06	2.7739477000000000E-02	-9.9990000000000000E+03	2.4886488000000000E+03	-9.9990000000000000E+03
5.1000000000000000E+02	8.0292780000000000E-06	2.9970498000000000E-02	-9.9990000000000000E+03	2.5242867000000000E+03	-9.9990000000000000E+03
5.2000000000000000E+02	8.2548470000000000E-06	3.2510501000000000E-02	-9.9990000000000000E+03	2.5593071000000000E+03	-9.9990000000000000E+03
5.3000000000000000E+02	8.5053923000000000E-06	3.5427492000000000E-02	-9.9990000000000000E+03	2.5936715000000000E+03	-9.9990000000000000E+03
5.4000000000000000E+02	8.7897696000000000E-06	3.8796274000000000E-02	-9.9990000000000000E+03	2.6273204000000000E+03	-9.9990000000000000E+03
5.5000000000000000E+02	9.1201532000000000E-06	4.2692928000000000E-02	-9.9990000000000000E+03	2.6601621000000000E+03	-9.9990000000000000E+03
5.6000000000000000E+02	9.5133092000000000E-06	4.7184033000000000E-02	-9.9990000000000000E+03	2.6920542000000000E+03	-9.9990000000000000E+03
5.7000000000000000E+02	9.9920590000000000E-06	5.2307003000000000E-02	-9.9990000000000000E+03	2.7227732000000000E+03	-9.9990000000000000E+03
5.8000000000000000E+02	1.0586076000000000E-05	5.8035941000000000E-02	-9.9990000000000000E+03	2.7519686000000000E+03	-9.9990000000000000E+03
5.9000000000000000E+02	1.1328974000000000E-05	6.4226830000000000E-02	-9.9990000000000000E+03	2.7791057000000000E+03	-9.9990000000000000E+03
6.0000000000000000E+02	1.2243689000000000E-05	7.0545416000000000E-02	-9.9990000000000000E+03	2.8034574000000000E+03	-9.9990000000000000E+03
6.1000000000000000E+02	1.3304527000000000E-05	7.6426527000000000E-02	-9.9990000000000000E+03	2.8243639000000000E+03	-9.9990000000000000E+03
6.2000000000000000E+02	1.4390672000000000E-05	8.1206998000000000E-02	-9.9990000000000000E+03	2.8420905000000000E+03	-9.9990000000000000E+03
6.3000000000000000E+02	1.5322523000000000E-05	8.4524761000000000E-02	-9.9990000000000000E+03	2.8586366000000000E+03	-9.9990000000000000E+03
6.4000000000000000E+02	1.6009214000000000E-05	8.6598778000000000E-02	-9.9990000000000000E+03	2.8764360000000000E+03	-9.9990000000000000E+03
6.5000000000000000E+02	1.6496202000000000E-05	8.7947540000000000E-02	-9.9990000000000000E+03	2.8962518000000000E+03	-9.9990000000000000E+03
6.6000000000000000E+02	1.6867579000000000E-05	8.8984898000000000E-02	-9.9990000000000000E+03	2.9174957000000000E+03	-9.9990000000000000E+03
6.7000000000000000E+02	1.7181238000000000E-05	8.9928123000000000E-02	-9.9990000000000000E+03	2.9394325000000000E+03	-9.9990000000000000E+03
6.8000000000000000E+02	1.7466779000000000E-05	9.0869827000000000E-02	-9.9990000000000000E+03	2.9615924000000000E+03	-9.9990000000000000E+03
6.9000000000000000E+02	1.7738049000000000E-05	9.1845030000000000E-02	-9.9990000000000000E+03	2.9837249000000000E+03	-9.9990000000000000E+03
7.0000000000000000E+02	1.8001636000000000E-05	9.2865389000000000E-02	-9.9990000000000000E+03	3.0056984000000000E+03	-9.9990000000000000E+03
7.1000000000000000E+02	1.8260936000000000E-05	9.3933703000000000E-02	-9.9990000000000000E+03	3.0274394000000000E+03	-9.9990000000000000E+03
7.2000000000000000E+02	1.8517904000000000E-05	9.5049637000000000E-02	-9.9990000000000000E+03	3.0489024000000000E+03	-9.9990000000000000E+03
7.3000000000000000E+02	1.8773784000000000E-05	9.6211904000000000E-02	-9.9990000000000000E+03	3.0700567000000000E+03	-9.9990000000000000E+03
7.4000000000000000E+02	1.9029430000000000E-05	9.7419048000000000E-02	-9.9990000000000000E+03	3.0908808000000000E+03	-9.9990000000000000E+03
7.5000000000000000E+02	1.9285456000000000E-05	9.8669700000000000E-02	-9.9990000000000000E+03	3.1113592000000000E+03	-9.9990000000000000E+03
7.6000000000000000E+02	1.9542307000000000E-05	9.9962630000000000E-02	-9.9990000000000000E+03	3.1314812000000000E+03	-9.9990000000000000E+03
7.7000000000000000E+02	1.9800306000000000E-05	1.0129672000000000E-01	-9.9990000000000000E+03	3.1512401000000000E+03	-9.9990000000000000E+03
7.8000000000000000E+02	2.0059678000000000E-05	1.0267092000000000E-01	-9.9990000000000000E+03	3.1706328000000000E+03	-9.9990000000000000E+03
7.9000000000000000E+02	2.0320576000000000E-05	1.0408421000000000E-01	-9.9990000000000000E+03	3.1896594000000000E+03	-9.9990000000000000E+03
8.0000000000000000E+02	2.0583087000000000E-05	1.0553557000000000E-01	-9.9990000000000000E+03	3.2083233000000000E+03	-9.9990000000000000E+03
8.1000000000000000E+02	2.0847249000000000E-05	1.0702394000000000E-01	-9.9990000000000000E+03	3.2266308000000000E+03	-9.9990000000000000E+03
8.2000000000000000E+02	2.1113060000000000E-05	1.0854822000000000E-01	-9.9990000000000000E+03	3.2445915000000000E+03	-9.9990000000000000E+03
8.3000000000000000E+02	2.1380479000000000E-05	1.1010727000000000E-01	-9.9990000000000000E+03	3.2622178000000000E+03	-9.9990000000000000E+03
8.4000000000000000E+02	2.1649439000000000E-05	1.1169989000000000E-01	-9.9990000000000000E+03	3.2795255000000000E+03	-9.9990000000000000E+03
8.5000000000000000E+02	2.1919848000000000E-05	1.1332485000000000E-01	-9.9990000000000000E+03	3.2965337000000000E+03	-9.9990000000000000E+03
8.6000000000000000E+02	2.2191597000000000E-05	1.1498093000000000E-01	-9.9990000000000000E+03	3.3132645000000000E+03	-9.9990000000000000E+03
8.7000000000000000E+02	2.2464562000000000E-05	1.1666690000000000E-01	-9.9990000000000000E+03	3.3297437000000000E+03	-9.9990000000000000E+03
8.8000000000000000E+02	2.2738607000000000E-05	1.1838160000000000E-01	-9.9990000000000000E+03	3.3460005000000000E+03	-9.9990000000000000E+03
8.9000000000000000E+02	2.3013591000000000E-05	1.2012396000000000E-01	-9.9990000000000000E+03	3.3620677000000000E+03	-9.9990000000000000E+03
9.0000000000000000E+02	2.3289374000000000E-05	1.2189306000000000E-01	-9.9990000000000000E+03	3.3779816000000000E+03	-9.9990000000000000E+03
9.1000000000000000E+02	2.3565813000000000E-05	1.2368818000000000E-01	-9.9990000000000000E+03	3.3937822000000000E+03	-9.9990000000000000E+03
9.2000000000000000E+02	2.3842773000000000E-05	1.2550889000000000E-01	-9.9990000000000000E+03	3.4095130000000000E+03	-9.9990000000000000E+03
9.3000000000000000E+02	2.4120130000000000E-05	1.2735509000000000E-01	-9.9990000000000000E+03	3.4252212000000000E+03	-9.9990000000000000E+03
9.4000000000000000E+02	2.4397770000000000E-05	1.2922713000000000E-01	-9.9990000000000000E+03	3.4409574000000000E+03	-9.9990000000000000E+03
9.5000000000000000E+02	2.4675598000000000E-05	1.3112587000000000E-01	-9.9990000000000000E+03	3.4567758000000000E+03	-9.9990000000000000E+03
9.6000000000000000E+02	2.4953538000000000E-05	1.3305275000000000E-01	-9.9990000000000000E+03	3.4727335000000000E+03	-9.9990000000000000E+03
9.7000000000000000E+02	2.5231533000000000E-05	1.3500991000000000E-01	-9.9990000000000000E+03	3.4888909000000000E+03	-9.9990000000000000E+03
9.8000000000000000E+02	2.5509553000000000E-05	1.3700024000000000E-01	-9.9990000000000000E+03	3.5053109000000000E+03	-9.9990000000000000E+03
9.9000000000000000E+02	2.5787588000000000E-05	1.3902741000000000E-01	-9.9990000000000000E+03	3.5220589000000000E+03	-9.9990000000000000E+03
1.0000000000000000E+03	2.6065652000000000E-05	1.4109594000000000E-01	-9.9990000000000000E+03	3.5392021000000000E+03	-9.9990000000000000E+03
END
