# Fuel Properties							
#=======================							
FUEL_NAME							
dimethoxymethane							
SMILES							
COCOC							
CHEMICAL_FORMULA							
C3H8O2							
MOLECULAR_WEIGHT							
7.61E-02							
T_CRIT							
447.231							
P_CRIT							
4.18E+06							
V_CRIT							
0.003591824							
MELTING_POINT							
220.186							
NORMAL_BOILING_POINT							
2.96E+02							
LIQUID							
# Temperature liqViscosity SurfaceTension HeatOfVap vapPressure liqThermalConductivity liqDensity liqHeatCapacity							
2.0000000000000000E+02	8.3046235874625400E-04	2.2473430000000000E-02	4.0296238083848700E+05	5.1357200000000000E+02	2.1249095584494800E-01	8.7715039261523700E+02	1.8663967339305800E+03
2.1000000000000000E+02	6.8039470656997800E-04	2.1796980000000000E-02	3.9499331092251400E+05	1.2260000000000000E+03	2.0569050797801000E-01	8.6439347554693200E+02	1.8884472352021600E+03
2.2000000000000000E+02	5.6763726934887000E-04	2.1177720000000000E-02	3.8710571896412600E+05	2.6633900000000000E+03	1.9940926221186900E-01	8.5178008742325300E+02	1.9092903087160400E+03
2.3000000000000000E+02	4.8108685321157600E-04	2.0398430000000000E-02	3.7928909167847200E+05	5.3365300000000000E+03	1.9358656920192100E-01	8.3925266629167600E+02	1.9296908340480600E+03
2.4000000000000000E+02	4.1339323015107400E-04	2.0186570000000000E-02	3.7152503081706600E+05	9.9728000000000000E+03	1.8817111258536500E-01	8.2675320893787200E+02	1.9502377082892000E+03
2.5000000000000000E+02	3.5956055469948400E-04	1.9068010000000000E-02	3.6378068236475300E+05	1.7546200000000000E+04	1.8311915463615500E-01	8.1422487587741800E+02	1.9714211956819300E+03
2.6000000000000000E+02	3.1611244504358300E-04	1.8144860000000000E-02	3.5601924982456000E+05	2.9294900000000000E+04	1.7839316686463700E-01	8.0160839551275800E+02	1.9936314276202400E+03
2.7000000000000000E+02	2.8057834051483300E-04	1.7595280000000000E-02	3.4819079509345000E+05	4.6726600000000000E+04	1.7396074989088700E-01	7.8884584404127200E+02	2.0171706442556700E+03
2.8000000000000000E+02	2.5116885990523600E-04	1.6775530000000000E-02	3.4024538006838900E+05	7.1611700000000000E+04	1.6979377328289200E-01	7.7587448024683000E+02	2.0423311441337200E+03
2.9000000000000000E+02	2.2656555487841800E-04	1.6215640000000000E-02	3.3212386752209800E+05	1.0596900000000000E+05	1.6586768448580300E-01	7.6262740656851600E+02	2.0693947841938000E+03
3.0000000000000000E+02	2.0578170814717900E-04	1.5115900000000000E-02	3.2375923526366000E+05	1.5204600000000000E+05	1.6216094904632200E-01	7.4903238507727100E+02	2.0986061965571600E+03
3.1000000000000000E+02	1.8806829818345100E-04	1.4062740000000000E-02	3.1508446110216000E+05	2.1229800000000000E+05	1.5865459373692200E-01	7.3501791803104500E+02	2.1302778213753500E+03
3.2000000000000000E+02	1.7284929789402900E-04	1.3298930000000000E-02	3.0601806708001400E+05	2.8936400000000000E+05	1.5533183102510800E-01	7.2048667329451300E+02	2.1647498820120300E+03
3.3000000000000000E+02	1.5967640061783400E-04	1.2113360000000000E-02	2.9647331859721200E+05	3.8605700000000000E+05	1.5217774836731900E-01	7.0533350635868200E+02	2.2024427514672600E+03
3.4000000000000000E+02	1.4819684560974200E-04	1.0957860000000000E-02	2.8635033944768500E+05	5.0534300000000000E+05	1.4917904955148200E-01	6.8945265427792200E+02	2.2439227604077600E+03
3.5000000000000000E+02	1.3813022369120000E-04	9.6894390000000000E-03	2.7553085517687300E+05	6.5034200000000000E+05	1.4632383812482900E-01	6.7267969696166100E+02	2.2899019971669300E+03
3.6000000000000000E+02	1.2925153405288500E-04	7.9558280000000000E-03	2.6387162227870200E+05	8.2432900000000000E+05	1.4360143507571500E-01	6.5483851535674600E+02	2.3414215902297400E+03
3.7000000000000000E+02	1.2137865468569200E-04	6.9288140000000000E-03	2.5119785739254800E+05	1.0307400000000000E+06	1.4100222456854500E-01	6.3569698083574200E+02	2.3999314578690600E+03
3.8000000000000000E+02	1.1436297040342400E-04	6.1078490000000000E-03	2.3727695409111300E+05	1.2732200000000000E+06	1.3851752278771600E-01	6.1493741060100400E+02	2.4675915650851200E+03
3.9000000000000000E+02	1.0808228777300200E-04	4.6844140000000000E-03	2.2180008463194300E+05	1.5556100000000000E+06	1.3613946592276200E-01	5.9213129041545700E+02	2.5477060966055200E+03
4.0000000000000000E+02	1.0243542544829600E-04	3.7263040000000000E-03	2.0431780608771800E+05	1.8820800000000000E+06	1.3386091409066600E-01	5.6664085188770600E+02	2.6456956357338700E+03
4.1000000000000000E+02	9.7338045149103500E-05	2.7014710000000000E-03	1.8413492749775900E+05	2.2571700000000000E+06	1.3167536859299900E-01	5.3748331273176800E+02	2.7710948884711300E+03
4.2000000000000000E+02	9.2719410625820400E-05	1.6843090000000000E-03	1.6005556271043000E+05	2.6859600000000000E+06	1.2957690038253200E-01	5.0293921308138200E+02	2.9423487697283100E+03
4.3000000000000000E+02	8.8519847328370000E-05	9.4864720000000000E-04	1.2963208759668900E+05	3.1743400000000000E+06	1.2756008799442700E-01	4.5951158830420600E+02	3.2009401298430100E+03
4.4000000000000000E+02	8.4688735883128400E-05	4.3165830000000000E-04	8.5719410940649900E+04	3.7294400000000000E+06	1.2561996350237000E-01	3.9712855733752200E+02	3.6645475511000800E+03
4.4723100000000000E+02	8.2123340096562200E-05	0.0000000000000000E+00	0.0000000000000000E+00	4.1775000000000000E+06	1.2426224084513000E-01	2.7841005133233600E+02	4.3693192917759800E+03
VAPOR							
# Temperature vapViscosity vapThermalConductivity vapDensity vapHeatCapacity DiffusionCoefficient							
2.0000000000000000E+02	5.1708834000000000E-06	4.3749462000000000E-03	-9.9990000000000000E+03	1.0696343000000000E+03	-9.9990000000000000E+03		
2.1000000000000000E+02	5.4361107000000000E-06	6.4177299000000000E-03	-9.9990000000000000E+03	1.1028026000000000E+03	-9.9990000000000000E+03		
2.2000000000000000E+02	5.7015622000000000E-06	7.9678254000000000E-03	-9.9990000000000000E+03	1.1359725000000000E+03	-9.9990000000000000E+03		
2.3000000000000000E+02	5.9673588000000000E-06	9.2099142000000000E-03	-9.9990000000000000E+03	1.1690941000000000E+03	-9.9990000000000000E+03		
2.4000000000000000E+02	6.2335576000000000E-06	1.0265960000000000E-02	-9.9990000000000000E+03	1.2021255000000000E+03	-9.9990000000000000E+03		
2.5000000000000000E+02	6.5001695000000000E-06	1.1214765000000000E-02	-9.9990000000000000E+03	1.2350313000000000E+03	-9.9990000000000000E+03		
2.6000000000000000E+02	6.7671728000000000E-06	1.2106737000000000E-02	-9.9990000000000000E+03	1.2677811000000000E+03	-9.9990000000000000E+03		
2.7000000000000000E+02	7.0345230000000000E-06	1.2973919000000000E-02	-9.9990000000000000E+03	1.3003486000000000E+03	-9.9990000000000000E+03		
2.8000000000000000E+02	7.3021608000000000E-06	1.3836519000000000E-02	-9.9990000000000000E+03	1.3327107000000000E+03	-9.9990000000000000E+03		
2.9000000000000000E+02	7.5700169000000000E-06	1.4707096000000000E-02	-9.9990000000000000E+03	1.3648470000000000E+03	-9.9990000000000000E+03		
3.0000000000000000E+02	7.8380165000000000E-06	1.5593250000000000E-02	-9.9990000000000000E+03	1.3967393000000000E+03	-9.9990000000000000E+03		
3.1000000000000000E+02	8.1060822000000000E-06	1.6499358000000000E-02	-9.9990000000000000E+03	1.4283715000000000E+03	-9.9990000000000000E+03		
3.2000000000000000E+02	8.3741360000000000E-06	1.7427692000000000E-02	-9.9990000000000000E+03	1.4597290000000000E+03	-9.9990000000000000E+03		
3.3000000000000000E+02	8.6421009000000000E-06	1.8379165000000000E-02	-9.9990000000000000E+03	1.4907985000000000E+03	-9.9990000000000000E+03		
3.4000000000000000E+02	8.9099019000000000E-06	1.9353809000000000E-02	-9.9990000000000000E+03	1.5215681000000000E+03	-9.9990000000000000E+03		
3.5000000000000000E+02	9.1774669000000000E-06	2.0351102000000000E-02	-9.9990000000000000E+03	1.5520271000000000E+03	-9.9990000000000000E+03		
3.6000000000000000E+02	9.4447266000000000E-06	2.1370180000000000E-02	-9.9990000000000000E+03	1.5821653000000000E+03	-9.9990000000000000E+03		
3.7000000000000000E+02	9.7116156000000000E-06	2.2409980000000000E-02	-9.9990000000000000E+03	1.6119739000000000E+03	-9.9990000000000000E+03		
3.8000000000000000E+02	9.9780720000000000E-06	2.3469332000000000E-02	-9.9990000000000000E+03	1.6414445000000000E+03	-9.9990000000000000E+03		
3.9000000000000000E+02	1.0244038000000000E-05	2.4547027000000000E-02	-9.9990000000000000E+03	1.6705696000000000E+03	-9.9990000000000000E+03		
4.0000000000000000E+02	1.0509458000000000E-05	2.5641852000000000E-02	-9.9990000000000000E+03	1.6993423000000000E+03	-9.9990000000000000E+03		
4.1000000000000000E+02	1.0774281000000000E-05	2.6752617000000000E-02	-9.9990000000000000E+03	1.7277565000000000E+03	-9.9990000000000000E+03		
4.2000000000000000E+02	1.1038461000000000E-05	2.7878174000000000E-02	-9.9990000000000000E+03	1.7558063000000000E+03	-9.9990000000000000E+03		
4.3000000000000000E+02	1.1301952000000000E-05	2.9017423000000000E-02	-9.9990000000000000E+03	1.7834865000000000E+03	-9.9990000000000000E+03		
4.4000000000000000E+02	1.1564715000000000E-05	3.0169319000000000E-02	-9.9990000000000000E+03	1.8107926000000000E+03	-9.9990000000000000E+03		
4.5000000000000000E+02	1.1826710000000000E-05	3.1332874000000000E-02	-9.9990000000000000E+03	1.8377203000000000E+03	-9.9990000000000000E+03		
4.6000000000000000E+02	1.2087904000000000E-05	3.2507156000000000E-02	-9.9990000000000000E+03	1.8642658000000000E+03	-9.9990000000000000E+03		
4.7000000000000000E+02	1.2348265000000000E-05	3.3691289000000000E-02	-9.9990000000000000E+03	1.8904258000000000E+03	-9.9990000000000000E+03		
4.8000000000000000E+02	1.2607761000000000E-05	3.4884448000000000E-02	-9.9990000000000000E+03	1.9161974000000000E+03	-9.9990000000000000E+03		
4.9000000000000000E+02	1.2866368000000000E-05	3.6085862000000000E-02	-9.9990000000000000E+03	1.9415781000000000E+03	-9.9990000000000000E+03		
5.0000000000000000E+02	1.3124060000000000E-05	3.7294807000000000E-02	-9.9990000000000000E+03	1.9665656000000000E+03	-9.9990000000000000E+03		
5.1000000000000000E+02	1.3380814000000000E-05	3.8510604000000000E-02	-9.9990000000000000E+03	1.9911583000000000E+03	-9.9990000000000000E+03		
5.2000000000000000E+02	1.3636611000000000E-05	3.9732619000000000E-02	-9.9990000000000000E+03	2.0153547000000000E+03	-9.9990000000000000E+03		
5.3000000000000000E+02	1.3891431000000000E-05	4.0960257000000000E-02	-9.9990000000000000E+03	2.0391538000000000E+03	-9.9990000000000000E+03		
5.4000000000000000E+02	1.4145259000000000E-05	4.2192961000000000E-02	-9.9990000000000000E+03	2.0625550000000000E+03	-9.9990000000000000E+03		
5.5000000000000000E+02	1.4398080000000000E-05	4.3430209000000000E-02	-9.9990000000000000E+03	2.0855577000000000E+03	-9.9990000000000000E+03		
5.6000000000000000E+02	1.4649881000000000E-05	4.4671514000000000E-02	-9.9990000000000000E+03	2.1081622000000000E+03	-9.9990000000000000E+03		
5.7000000000000000E+02	1.4900650000000000E-05	4.5916419000000000E-02	-9.9990000000000000E+03	2.1303687000000000E+03	-9.9990000000000000E+03		
5.8000000000000000E+02	1.5150377000000000E-05	4.7164497000000000E-02	-9.9990000000000000E+03	2.1521780000000000E+03	-9.9990000000000000E+03		
5.9000000000000000E+02	1.5399054000000000E-05	4.8415347000000000E-02	-9.9990000000000000E+03	2.1735910000000000E+03	-9.9990000000000000E+03		
6.0000000000000000E+02	1.5646673000000000E-05	4.9668596000000000E-02	-9.9990000000000000E+03	2.1946093000000000E+03	-9.9990000000000000E+03		
6.1000000000000000E+02	1.5893229000000000E-05	5.0923893000000000E-02	-9.9990000000000000E+03	2.2152346000000000E+03	-9.9990000000000000E+03		
6.2000000000000000E+02	1.6138715000000000E-05	5.2180911000000000E-02	-9.9990000000000000E+03	2.2354689000000000E+03	-9.9990000000000000E+03		
6.3000000000000000E+02	1.6383129000000000E-05	5.3439344000000000E-02	-9.9990000000000000E+03	2.2553149000000000E+03	-9.9990000000000000E+03		
6.4000000000000000E+02	1.6626467000000000E-05	5.4698904000000000E-02	-9.9990000000000000E+03	2.2747752000000000E+03	-9.9990000000000000E+03		
6.5000000000000000E+02	1.6868729000000000E-05	5.5959326000000000E-02	-9.9990000000000000E+03	2.2938531000000000E+03	-9.9990000000000000E+03		
6.6000000000000000E+02	1.7109911000000000E-05	5.7220358000000000E-02	-9.9990000000000000E+03	2.3125523000000000E+03	-9.9990000000000000E+03		
6.7000000000000000E+02	1.7350016000000000E-05	5.8481767000000000E-02	-9.9990000000000000E+03	2.3308765000000000E+03	-9.9990000000000000E+03		
6.8000000000000000E+02	1.7589043000000000E-05	5.9743335000000000E-02	-9.9990000000000000E+03	2.3488302000000000E+03	-9.9990000000000000E+03		
6.9000000000000000E+02	1.7826993000000000E-05	6.1004859000000000E-02	-9.9990000000000000E+03	2.3664181000000000E+03	-9.9990000000000000E+03		
7.0000000000000000E+02	1.8063870000000000E-05	6.2266149000000000E-02	-9.9990000000000000E+03	2.3836453000000000E+03	-9.9990000000000000E+03		
7.1000000000000000E+02	1.8299675000000000E-05	6.3527028000000000E-02	-9.9990000000000000E+03	2.4005172000000000E+03	-9.9990000000000000E+03		
7.2000000000000000E+02	1.8534412000000000E-05	6.4787331000000000E-02	-9.9990000000000000E+03	2.4170398000000000E+03	-9.9990000000000000E+03		
7.3000000000000000E+02	1.8768085000000000E-05	6.6046904000000000E-02	-9.9990000000000000E+03	2.4332194000000000E+03	-9.9990000000000000E+03		
7.4000000000000000E+02	1.9000699000000000E-05	6.7305604000000000E-02	-9.9990000000000000E+03	2.4490626000000000E+03	-9.9990000000000000E+03		
7.5000000000000000E+02	1.9232258000000000E-05	6.8563297000000000E-02	-9.9990000000000000E+03	2.4645766000000000E+03	-9.9990000000000000E+03		
7.6000000000000000E+02	1.9462769000000000E-05	6.9819861000000000E-02	-9.9990000000000000E+03	2.4797690000000000E+03	-9.9990000000000000E+03		
7.7000000000000000E+02	1.9692236000000000E-05	7.1075178000000000E-02	-9.9990000000000000E+03	2.4946477000000000E+03	-9.9990000000000000E+03		
7.8000000000000000E+02	1.9920666000000000E-05	7.2329141000000000E-02	-9.9990000000000000E+03	2.5092210000000000E+03	-9.9990000000000000E+03		
7.9000000000000000E+02	2.0148065000000000E-05	7.3581650000000000E-02	-9.9990000000000000E+03	2.5234979000000000E+03	-9.9990000000000000E+03		
8.0000000000000000E+02	2.0374441000000000E-05	7.4832611000000000E-02	-9.9990000000000000E+03	2.5374875000000000E+03	-9.9990000000000000E+03		
8.1000000000000000E+02	2.0599800000000000E-05	7.6081938000000000E-02	-9.9990000000000000E+03	2.5511995000000000E+03	-9.9990000000000000E+03		
8.2000000000000000E+02	2.0824151000000000E-05	7.7329549000000000E-02	-9.9990000000000000E+03	2.5646440000000000E+03	-9.9990000000000000E+03		
8.3000000000000000E+02	2.1047499000000000E-05	7.8575368000000000E-02	-9.9990000000000000E+03	2.5778316000000000E+03	-9.9990000000000000E+03		
8.4000000000000000E+02	2.1269853000000000E-05	7.9819325000000000E-02	-9.9990000000000000E+03	2.5907733000000000E+03	-9.9990000000000000E+03		
8.5000000000000000E+02	2.1491222000000000E-05	8.1061352000000000E-02	-9.9990000000000000E+03	2.6034804000000000E+03	-9.9990000000000000E+03		
8.6000000000000000E+02	2.1711612000000000E-05	8.2301387000000000E-02	-9.9990000000000000E+03	2.6159650000000000E+03	-9.9990000000000000E+03		
8.7000000000000000E+02	2.1931032000000000E-05	8.3539373000000000E-02	-9.9990000000000000E+03	2.6282392000000000E+03	-9.9990000000000000E+03		
8.8000000000000000E+02	2.2149489000000000E-05	8.4775252000000000E-02	-9.9990000000000000E+03	2.6403159000000000E+03	-9.9990000000000000E+03		
8.9000000000000000E+02	2.2366993000000000E-05	8.6008972000000000E-02	-9.9990000000000000E+03	2.6522082000000000E+03	-9.9990000000000000E+03		
9.0000000000000000E+02	2.2583551000000000E-05	8.7240484000000000E-02	-9.9990000000000000E+03	2.6639299000000000E+03	-9.9990000000000000E+03		
9.1000000000000000E+02	2.2799171000000000E-05	8.8469740000000000E-02	-9.9990000000000000E+03	2.6754949000000000E+03	-9.9990000000000000E+03		
9.2000000000000000E+02	2.3013860000000000E-05	8.9696692000000000E-02	-9.9990000000000000E+03	2.6869179000000000E+03	-9.9990000000000000E+03		
9.3000000000000000E+02	2.3227628000000000E-05	9.0921298000000000E-02	-9.9990000000000000E+03	2.6982138000000000E+03	-9.9990000000000000E+03		
9.4000000000000000E+02	2.3440482000000000E-05	9.2143513000000000E-02	-9.9990000000000000E+03	2.7093980000000000E+03	-9.9990000000000000E+03		
9.5000000000000000E+02	2.3652428000000000E-05	9.3363296000000000E-02	-9.9990000000000000E+03	2.7204865000000000E+03	-9.9990000000000000E+03		
9.6000000000000000E+02	2.3863476000000000E-05	9.4580604000000000E-02	-9.9990000000000000E+03	2.7314955000000000E+03	-9.9990000000000000E+03		
9.7000000000000000E+02	2.4073631000000000E-05	9.5795398000000000E-02	-9.9990000000000000E+03	2.7424418000000000E+03	-9.9990000000000000E+03		
9.8000000000000000E+02	2.4282901000000000E-05	9.7007634000000000E-02	-9.9990000000000000E+03	2.7533427000000000E+03	-9.9990000000000000E+03		
9.9000000000000000E+02	2.4491293000000000E-05	9.8217273000000000E-02	-9.9990000000000000E+03	2.7642157000000000E+03	-9.9990000000000000E+03		
1.0000000000000000E+03	2.4698813000000000E-05	9.9424272000000000E-02	-9.9990000000000000E+03	2.7750791000000000E+03	-9.9990000000000000E+03		
END							
