# Fuel Properties
#=======================
FUEL_NAME
WATER
SMILES
O
CHEMICAL_FORMULA
H2O
MOLECULAR_WEIGHT
18.01528E-3
T_CRIT
647.096
P_CRIT
22.064E+06
V_CRIT
0.003106
MELTING_POINT
273.15
NORMAL_BOILING_POINT
373.15
LIQUID
# Temperature liqViscosity SurfaceTension HeatOfVap vapPressure liqThermalConductivity liqDensity liqHeatCapacity
273.15    1.790E-03    7.560E-02    2.501E+06    6.110E+02    5.610E-01    9.998E+02    4.217E+03
298.15    8.900E-04    7.200E-02    2.442E+06    3.169E+03    6.070E-01    9.970E+02    4.181E+03
323.15    5.470E-04    6.790E-02    2.383E+06    1.235E+04    6.440E-01    9.881E+02    4.181E+03
348.15    3.780E-04    6.350E-02    2.321E+06    3.858E+04    6.670E-01    9.748E+02    4.193E+03
373.15    2.820E-04    5.890E-02    2.257E+06    1.013E+05    6.790E-01    9.584E+02    4.216E+03
398.15    2.190E-04    5.390E-02    2.188E+06    2.321E+05    6.840E-01    9.390E+02    4.250E+03
423.15    1.830E-04    4.870E-02    2.114E+06    4.758E+05    6.830E-01    9.170E+02    4.300E+03
448.15    1.550E-04    4.320E-02    2.033E+06    8.920E+05    6.750E-01    8.923E+02    4.360E+03
473.15    1.340E-04    3.770E-02    1.940E+06    1.554E+06    6.630E-01    8.647E+02    4.452E+03
498.15    1.180E-04    3.180E-02    1.835E+06    2.548E+06    6.450E-01    8.339E+02    4.580E+03
523.15    1.050E-04    2.610E-02    1.716E+06    3.973E+06    6.200E-01    7.990E+02    4.770E+03
548.15    9.400E-05    2.020E-02    1.576E+06    5.942E+06    5.890E-01    7.590E+02    5.080E+03
573.15    8.500E-05    1.440E-02    1.405E+06    8.581E+06    5.400E-01    7.120E+02    5.640E+03
598.15    7.700E-05    8.600E-03    1.185E+06    1.204E+07    4.700E-01    6.540E+02    6.800E+03
623.15    6.900E-05    3.700E-03    8.800E+05    1.652E+07    3.800E-01    5.740E+02    1.000E+04
647.10    4.500E-05    0.000E+00    0.000E+00    2.206E+07    2.000E-01    3.220E+02    5.000E+04