 Temperature<1> Density<2> Viscosity<3> ThermCond<4> SurfaceTension<5> Cp<6> 
 HeatOfVap<7> Pvap<8> Tsat<9> Pvap_cc<10>
   2.00000E+002   7.68769E+002   2.81090E-003   1.43390E-001   2.81500E-002   2.13059E+003   3.68690E+005   6.15340E-001   6.58000E+002   2.02175E-005
   2.10000E+002   7.68769E+002   2.81090E-003   1.43390E-001   2.81500E-002   2.13059E+003   3.68690E+005   6.15340E-001   6.58000E+002   1.22115E-004
   2.20000E+002   7.68769E+002   2.81090E-003   1.43390E-001   2.81500E-002   2.13059E+003   3.68690E+005   6.15340E-001   6.58000E+002   6.26337E-004
   2.30000E+002   7.68769E+002   2.81090E-003   1.43390E-001   2.81500E-002   2.13059E+003   3.68690E+005   6.15340E-001   6.58000E+002   2.78679E-003
   2.40000E+002   7.68769E+002   2.81090E-003   1.43390E-001   2.81500E-002   2.13059E+003   3.68690E+005   6.15340E-001   6.58000E+002   1.09490E-002
   2.50000E+002   7.68769E+002   2.81090E-003   1.43390E-001   2.81500E-002   2.13059E+003   3.68690E+005   6.15340E-001   6.58000E+002   3.85571E-002
   2.60000E+002   7.68769E+002   2.81090E-003   1.43390E-001   2.81500E-002   2.13059E+003   3.68690E+005   6.15340E-001   6.58000E+002   1.23247E-001
   2.70000E+002   7.64433E+002   2.43456E-003   1.41898E-001   2.75433E-002   2.14139E+003   3.66232E+005   1.24832E+000   6.58000E+002   3.93005E-001
   2.80000E+002   7.57633E+002   1.97542E-003   1.39572E-001   2.66058E-002   2.16118E+003   3.62362E+005   3.46654E+000   6.58000E+002   1.19685E+000
   2.90000E+002   7.50766E+002   1.62878E-003   1.37246E-001   2.56764E-002   2.18462E+003   3.58431E+005   8.83036E+000   6.58000E+002   3.34379E+000
   3.00000E+002   7.43831E+002   1.36243E-003   1.34920E-001   2.47552E-002   2.21169E+003   3.54437E+005   2.08300E+001   6.58000E+002   8.64297E+000
   3.10000E+002   7.36823E+002   1.15447E-003   1.32594E-001   2.38424E-002   2.24241E+003   3.50375E+005   4.58770E+001   6.58000E+002   2.08208E+001
   3.20000E+002   7.29739E+002   9.89751E-004   1.30268E-001   2.29380E-002   2.27677E+003   3.46244E+005   9.50168E+001   6.58000E+002   4.70461E+001
   3.30000E+002   7.22577E+002   8.57560E-004   1.27942E-001   2.20424E-002   2.31475E+003   3.42039E+005   1.86216E+002   6.58000E+002   1.00273E+002
   3.40000E+002   7.15330E+002   7.50199E-004   1.25616E-001   2.11556E-002   2.31475E+003   3.37758E+005   3.47238E+002   6.58000E+002   2.02596E+002
   3.50000E+002   7.07997E+002   6.62049E-004   1.23290E-001   2.02779E-002   2.31475E+003   3.33396E+005   6.19051E+002   6.58000E+002   3.89728E+002
   3.60000E+002   7.00570E+002   5.88945E-004   1.20964E-001   1.94094E-002   2.31475E+003   3.28949E+005   1.05967E+003   6.58000E+002   7.16565E+002
   3.70000E+002   6.93047E+002   5.27761E-004   1.18638E-001   1.85504E-002   2.31475E+003   3.24413E+005   1.74824E+003   6.58000E+002   1.26360E+003
   3.80000E+002   6.85420E+002   4.76117E-004   1.16312E-001   1.77011E-002   2.31475E+003   3.19783E+005   2.78921E+003   6.58000E+002   2.14363E+003
   3.90000E+002   6.77685E+002   4.32187E-004   1.13986E-001   1.68616E-002   2.31475E+003   3.15052E+005   4.31637E+003   6.58000E+002   3.50806E+003
   4.00000E+002   6.69833E+002   3.94547E-004   1.11660E-001   1.60323E-002   2.31475E+003   3.10216E+005   6.49651E+003   6.58000E+002   5.55161E+003
   4.10000E+002   6.61858E+002   3.62082E-004   1.09334E-001   1.52135E-002   2.31475E+003   3.05267E+005   9.53268E+003   6.58000E+002   8.51442E+003
   4.20000E+002   6.53752E+002   3.33905E-004   1.07008E-001   1.44053E-002   2.31475E+003   3.00199E+005   1.36668E+004   6.58000E+002   1.26801E+004
   4.30000E+002   6.45505E+002   3.09310E-004   1.04682E-001   1.36082E-002   2.31475E+003   2.95002E+005   1.91815E+004   6.58000E+002   1.83689E+004
   4.40000E+002   6.37108E+002   2.87725E-004   1.02356E-001   1.28224E-002   2.31475E+003   2.89668E+005   2.64020E+004   6.58000E+002   2.59245E+004
   4.50000E+002   6.28549E+002   2.68688E-004   1.00030E-001   1.20482E-002   2.31475E+003   2.84187E+005   3.56961E+004   6.58000E+002   3.56957E+004
   4.60000E+002   6.19815E+002   2.51818E-004   9.77040E-002   1.12861E-002   2.31475E+003   2.78548E+005   4.74755E+004   6.58000E+002   4.80102E+004
   4.70000E+002   6.10892E+002   2.36805E-004   9.53780E-002   1.05365E-002   2.31475E+003   2.72737E+005   6.21951E+004   6.58000E+002   6.31454E+004
   4.80000E+002   6.01762E+002   2.23388E-004   9.30520E-002   9.79973E-003   2.31475E+003   2.66739E+005   8.03537E+004   6.58000E+002   8.12936E+004
   4.90000E+002   5.92408E+002   2.11960E-004   9.08490E-002   9.07637E-003   2.31475E+003   2.60538E+005   1.02494E+005   6.58000E+002   1.02527E+005
   5.00000E+002   5.82807E+002   2.11960E-004   9.08490E-002   8.36693E-003   2.31475E+003   2.54114E+005   1.29201E+005   6.58000E+002   1.26764E+005
   5.10000E+002   5.72932E+002   2.11960E-004   9.08490E-002   7.67199E-003   2.31475E+003   2.47444E+005   1.61107E+005   6.58000E+002   1.53738E+005
   5.20000E+002   5.62754E+002   2.11960E-004   9.08490E-002   6.99221E-003   2.31475E+003   2.40501E+005   1.98888E+005   6.58000E+002   1.82973E+005
   5.30000E+002   5.52237E+002   2.11960E-004   9.08490E-002   6.32833E-003   2.31475E+003   2.33253E+005   2.43269E+005   6.58000E+002   2.13774E+005
   5.40000E+002   5.41335E+002   2.11960E-004   9.08490E-002   5.68116E-003   2.31475E+003   2.25661E+005   2.95026E+005   6.58000E+002   2.45219E+005
   5.50000E+002   5.29995E+002   2.11960E-004   9.08490E-002   5.05165E-003   2.31475E+003   2.17676E+005   3.54990E+005   6.58000E+002   2.76174E+005
   5.60000E+002   5.18150E+002   2.11960E-004   9.08490E-002   4.44090E-003   2.31475E+003   2.09240E+005   4.24051E+005   6.58000E+002   3.05316E+005
   5.70000E+002   5.05712E+002   2.11960E-004   9.08490E-002   3.85017E-003   2.31475E+003   2.00276E+005   5.03165E+005   6.58000E+002   3.31171E+005
   5.80000E+002   4.92568E+002   2.11960E-004   9.08490E-002   3.28097E-003   2.31475E+003   1.90685E+005   5.93361E+005   6.58000E+002   3.52161E+005
   5.90000E+002   4.78565E+002   2.11960E-004   9.08490E-002   2.73514E-003   2.31475E+003   1.80333E+005   6.95751E+005   6.58000E+002   3.66656E+005
   6.00000E+002   4.63487E+002   2.11960E-004   9.08490E-002   2.21496E-003   2.31475E+003   1.69034E+005   8.11536E+005   6.58000E+002   3.73031E+005
   6.10000E+002   4.47014E+002   2.11960E-004   9.08490E-002   1.72333E-003   2.31475E+003   1.56509E+005   9.42026E+005   6.58000E+002   3.69701E+005
   6.20000E+002   4.28634E+002   2.11960E-004   9.08490E-002   1.26420E-003   2.31475E+003   1.42320E+005   1.08864E+006   6.58000E+002   3.55115E+005
   6.30000E+002   4.07437E+002   2.11960E-004   9.08490E-002   8.43195E-004   2.31475E+003   1.25693E+005   1.25294E+006   6.58000E+002   3.27621E+005
   6.40000E+002   3.81499E+002   2.11960E-004   9.08490E-002   4.69299E-004   2.31475E+003   1.05015E+005   1.43664E+006   6.58000E+002   2.84904E+005
   6.50000E+002   3.44985E+002   2.11960E-004   9.08490E-002   1.60098E-004   2.31475E+003   7.55056E+004   1.64159E+006   6.58000E+002   2.21149E+005
   6.60000E+002   2.37315E+002   2.11960E-004   9.08490E-002   0.00000E+000   2.31475E+003   0.00000E+000   1.82230E+006   6.58000E+002   1.01325E+005
   6.70000E+002   2.37315E+002   2.11960E-004   9.08490E-002   0.00000E+000   2.31475E+003   0.00000E+000   1.82230E+006   6.58000E+002   1.01325E+005
   6.80000E+002   2.37315E+002   2.11960E-004   9.08490E-002   0.00000E+000   2.31475E+003   0.00000E+000   1.82230E+006   6.58000E+002   1.01325E+005
   6.90000E+002   2.37315E+002   2.11960E-004   9.08490E-002   0.00000E+000   2.31475E+003   0.00000E+000   1.82230E+006   6.58000E+002   1.01325E+005
   7.00000E+002   2.37315E+002   2.11960E-004   9.08490E-002   0.00000E+000   2.31475E+003   0.00000E+000   1.82230E+006   6.58000E+002   1.01325E+005
   7.10000E+002   2.37315E+002   2.11960E-004   9.08490E-002   0.00000E+000   2.31475E+003   0.00000E+000   1.82230E+006   6.58000E+002   1.01325E+005
   7.20000E+002   2.37315E+002   2.11960E-004   9.08490E-002   0.00000E+000   2.31475E+003   0.00000E+000   1.82230E+006   6.58000E+002   1.01325E+005
   7.30000E+002   2.37315E+002   2.11960E-004   9.08490E-002   0.00000E+000   2.31475E+003   0.00000E+000   1.82230E+006   6.58000E+002   1.01325E+005
   7.40000E+002   2.37315E+002   2.11960E-004   9.08490E-002   0.00000E+000   2.31475E+003   0.00000E+000   1.82230E+006   6.58000E+002   1.01325E+005
   7.50000E+002   2.37315E+002   2.11960E-004   9.08490E-002   0.00000E+000   2.31475E+003   0.00000E+000   1.82230E+006   6.58000E+002   1.01325E+005
   7.60000E+002   2.37315E+002   2.11960E-004   9.08490E-002   0.00000E+000   2.31475E+003   0.00000E+000   1.82230E+006   6.58000E+002   1.01325E+005
   7.70000E+002   2.37315E+002   2.11960E-004   9.08490E-002   0.00000E+000   2.31475E+003   0.00000E+000   1.82230E+006   6.58000E+002   1.01325E+005
   7.80000E+002   2.37315E+002   2.11960E-004   9.08490E-002   0.00000E+000   2.31475E+003   0.00000E+000   1.82230E+006   6.58000E+002   1.01325E+005
   7.90000E+002   2.37315E+002   2.11960E-004   9.08490E-002   0.00000E+000   2.31475E+003   0.00000E+000   1.82230E+006   6.58000E+002   1.01325E+005
   8.00000E+002   2.37315E+002   2.11960E-004   9.08490E-002   0.00000E+000   2.31475E+003   0.00000E+000   1.82230E+006   6.58000E+002   1.01325E+005
   8.10000E+002   2.37315E+002   2.11960E-004   9.08490E-002   0.00000E+000   2.31475E+003   0.00000E+000   1.82230E+006   6.58000E+002   1.01325E+005
   8.20000E+002   2.37315E+002   2.11960E-004   9.08490E-002   0.00000E+000   2.31475E+003   0.00000E+000   1.82230E+006   6.58000E+002   1.01325E+005
   8.30000E+002   2.37315E+002   2.11960E-004   9.08490E-002   0.00000E+000   2.31475E+003   0.00000E+000   1.82230E+006   6.58000E+002   1.01325E+005
   8.40000E+002   2.37315E+002   2.11960E-004   9.08490E-002   0.00000E+000   2.31475E+003   0.00000E+000   1.82230E+006   6.58000E+002   1.01325E+005
   8.50000E+002   2.37315E+002   2.11960E-004   9.08490E-002   0.00000E+000   2.31475E+003   0.00000E+000   1.82230E+006   6.58000E+002   1.01325E+005
   8.60000E+002   2.37315E+002   2.11960E-004   9.08490E-002   0.00000E+000   2.31475E+003   0.00000E+000   1.82230E+006   6.58000E+002   1.01325E+005
   8.70000E+002   2.37315E+002   2.11960E-004   9.08490E-002   0.00000E+000   2.31475E+003   0.00000E+000   1.82230E+006   6.58000E+002   1.01325E+005
   8.80000E+002   2.37315E+002   2.11960E-004   9.08490E-002   0.00000E+000   2.31475E+003   0.00000E+000   1.82230E+006   6.58000E+002   1.01325E+005
   8.90000E+002   2.37315E+002   2.11960E-004   9.08490E-002   0.00000E+000   2.31475E+003   0.00000E+000   1.82230E+006   6.58000E+002   1.01325E+005
   9.00000E+002   2.37315E+002   2.11960E-004   9.08490E-002   0.00000E+000   2.31475E+003   0.00000E+000   1.82230E+006   6.58000E+002   1.01325E+005
   9.10000E+002   2.37315E+002   2.11960E-004   9.08490E-002   0.00000E+000   2.31475E+003   0.00000E+000   1.82230E+006   6.58000E+002   1.01325E+005
   9.20000E+002   2.37315E+002   2.11960E-004   9.08490E-002   0.00000E+000   2.31475E+003   0.00000E+000   1.82230E+006   6.58000E+002   1.01325E+005
   9.30000E+002   2.37315E+002   2.11960E-004   9.08490E-002   0.00000E+000   2.31475E+003   0.00000E+000   1.82230E+006   6.58000E+002   1.01325E+005
   9.40000E+002   2.37315E+002   2.11960E-004   9.08490E-002   0.00000E+000   2.31475E+003   0.00000E+000   1.82230E+006   6.58000E+002   1.01325E+005
   9.50000E+002   2.37315E+002   2.11960E-004   9.08490E-002   0.00000E+000   2.31475E+003   0.00000E+000   1.82230E+006   6.58000E+002   1.01325E+005
   9.60000E+002   2.37315E+002   2.11960E-004   9.08490E-002   0.00000E+000   2.31475E+003   0.00000E+000   1.82230E+006   6.58000E+002   1.01325E+005
   9.70000E+002   2.37315E+002   2.11960E-004   9.08490E-002   0.00000E+000   2.31475E+003   0.00000E+000   1.82230E+006   6.58000E+002   1.01325E+005
   9.80000E+002   2.37315E+002   2.11960E-004   9.08490E-002   0.00000E+000   2.31475E+003   0.00000E+000   1.82230E+006   6.58000E+002   1.01325E+005
   9.90000E+002   2.37315E+002   2.11960E-004   9.08490E-002   0.00000E+000   2.31475E+003   0.00000E+000   1.82230E+006   6.58000E+002   1.01325E+005
   1.00000E+003   2.37315E+002   2.11960E-004   9.08490E-002   0.00000E+000   2.31475E+003   0.00000E+000   1.82230E+006   6.58000E+002   1.01325E+005
   1.01000E+003   2.37315E+002   2.11960E-004   9.08490E-002   0.00000E+000   2.31475E+003   0.00000E+000   1.82230E+006   6.58000E+002   1.01325E+005
   1.02000E+003   2.37315E+002   2.11960E-004   9.08490E-002   0.00000E+000   2.31475E+003   0.00000E+000   1.82230E+006   6.58000E+002   1.01325E+005
   1.03000E+003   2.37315E+002   2.11960E-004   9.08490E-002   0.00000E+000   2.31475E+003   0.00000E+000   1.82230E+006   6.58000E+002   1.01325E+005
   1.04000E+003   2.37315E+002   2.11960E-004   9.08490E-002   0.00000E+000   2.31475E+003   0.00000E+000   1.82230E+006   6.58000E+002   1.01325E+005
   1.05000E+003   2.37315E+002   2.11960E-004   9.08490E-002   0.00000E+000   2.31475E+003   0.00000E+000   1.82230E+006   6.58000E+002   1.01325E+005
   1.06000E+003   2.37315E+002   2.11960E-004   9.08490E-002   0.00000E+000   2.31475E+003   0.00000E+000   1.82230E+006   6.58000E+002   1.01325E+005
   1.07000E+003   2.37315E+002   2.11960E-004   9.08490E-002   0.00000E+000   2.31475E+003   0.00000E+000   1.82230E+006   6.58000E+002   1.01325E+005
   1.08000E+003   2.37315E+002   2.11960E-004   9.08490E-002   0.00000E+000   2.31475E+003   0.00000E+000   1.82230E+006   6.58000E+002   1.01325E+005
   1.09000E+003   2.37315E+002   2.11960E-004   9.08490E-002   0.00000E+000   2.31475E+003   0.00000E+000   1.82230E+006   6.58000E+002   1.01325E+005
   1.10000E+003   2.37315E+002   2.11960E-004   9.08490E-002   0.00000E+000   2.31475E+003   0.00000E+000   1.82230E+006   6.58000E+002   1.01325E+005
   1.11000E+003   2.37315E+002   2.11960E-004   9.08490E-002   0.00000E+000   2.31475E+003   0.00000E+000   1.82230E+006   6.58000E+002   1.01325E+005
   1.12000E+003   2.37315E+002   2.11960E-004   9.08490E-002   0.00000E+000   2.31475E+003   0.00000E+000   1.82230E+006   6.58000E+002   1.01325E+005
   1.13000E+003   2.37315E+002   2.11960E-004   9.08490E-002   0.00000E+000   2.31475E+003   0.00000E+000   1.82230E+006   6.58000E+002   1.01325E+005
   1.14000E+003   2.37315E+002   2.11960E-004   9.08490E-002   0.00000E+000   2.31475E+003   0.00000E+000   1.82230E+006   6.58000E+002   1.01325E+005
   1.15000E+003   2.37315E+002   2.11960E-004   9.08490E-002   0.00000E+000   2.31475E+003   0.00000E+000   1.82230E+006   6.58000E+002   1.01325E+005
   1.16000E+003   2.37315E+002   2.11960E-004   9.08490E-002   0.00000E+000   2.31475E+003   0.00000E+000   1.82230E+006   6.58000E+002   1.01325E+005
   1.17000E+003   2.37315E+002   2.11960E-004   9.08490E-002   0.00000E+000   2.31475E+003   0.00000E+000   1.82230E+006   6.58000E+002   1.01325E+005
   1.18000E+003   2.37315E+002   2.11960E-004   9.08490E-002   0.00000E+000   2.31475E+003   0.00000E+000   1.82230E+006   6.58000E+002   1.01325E+005
   1.19000E+003   2.37315E+002   2.11960E-004   9.08490E-002   0.00000E+000   2.31475E+003   0.00000E+000   1.82230E+006   6.58000E+002   1.01325E+005
