#timeASI[ms]	Max. Liquid Penetration[mm]	Std. deviation[mm]	error[mm]
0	0	0	0.1
0.005	0.5	0	0.1
0.01	1.5059	0.11469	0.32938
0.015	2.5431	0.06329	0.22658
0.02	3.821	0.04945	0.1989
0.025	5.1013	0.26069	0.62139
0.03	6.2347	0.47688	1.0538
0.035	6.9853	0.52743	1.1549
0.04	7.712	0.54419	1.1884
0.045	8.2999	0.72363	1.5473
0.05	8.7977	1.0232	2.1465
0.055	8.5832	0.31561	0.73122
0.06	8.9754	0.096344	0.29269
0.065	8.8063	0.3366	0.7732
0.07	8.0755	0.56599	1.232
0.075	8.147	0.36381	0.82762
0.08	7.9376	0.42249	0.94499
0.085	8.0963	0.036076	0.17215
0.09	8.3426	0.4864	1.0728
0.095	7.9494	0.13259	0.36518
0.1	8.1527	0.40457	0.90915
0.105	8.4811	1.0104	2.1208
0.11	8.6914	1.3005	2.7011
0.115	8.477	0.69399	1.488
0.12	8.4051	1.3297	2.7593
0.125	8.706	1.3438	2.7876
0.13	8.6539	0.44082	0.98164
0.135	9.0113	1.1485	2.3969
0.14	9.4722	0.67389	1.4478
0.145	9.567	0.023916	0.14783
0.15	9.3359	0.53126	1.1625
0.155	9.3717	0.024738	0.14948
0.16	9.7435	0.65748	1.415
0.165	9.4702	0.63336	1.3667
0.17	9.1146	0.20792	0.51584
0.175	9.6865	0.0057424	0.11148
0.18	9.3853	0.10776	0.31552
0.185	9.0697	0.10339	0.30679
0.19	8.9291	0.1042	0.3084
0.195	8.6432	0.19907	0.49814
0.2	8.8728	0.75247	1.6049
0.205	9.5113	0.80023	1.7005
0.21	9.9325	0.48023	1.0605
0.215	9.4679	0.42969	0.95937
0.22	9.9442	0.17235	0.44471
0.225	10.537	0.50005	1.1001
0.23	11.01	1.2843	2.6686
0.235	9.3301	0.18152	0.46305
0.24	9.47	0.90529	1.9106
0.245	9.6358	0.4886	1.0772
0.25	9.4222	0.0022998	0.1046
0.255	9.172	0.15393	0.40787
0.26	9.6874	0.35211	0.80422
0.265	9.9209	0.38969	0.87938
0.27	9.9085	0.23457	0.56914
0.275	10.266	0.37197	0.84393
0.28	10.5	0.5129	1.1258
0.285	10.416	0.38273	0.86547
0.29	10.029	0.0049042	0.10981
0.295	10.243	0.60163	1.3033
0.3	10.241	0.51354	1.1271
0.305	10.232	0.39947	0.89895
0.31	10.485	0.47532	1.0506
0.315	10.306	0.48504	1.0701
0.32	10.386	0.59171	1.2834
0.325	10.46	0.30531	0.71062
0.33	10.194	0.20941	0.51883
0.335	9.0507	0.61369	1.3274
0.34	9.307	0.55085	1.2017
0.345	9.8212	0.57972	1.2594
0.35	10.091	0.67443	1.4489
0.355	9.7337	1.0788	2.2576
0.36	10.439	0.6304	1.3608
0.365	10.632	0.16078	0.42155
0.37	10.084	0.79263	1.6853
0.375	10.049	0.74208	1.5842
0.38	9.7747	0.15347	0.40694
0.385	10.084	0.73649	1.573
0.39	10.794	1.0479	2.1958
0.395	10.401	0.6201	1.3402
0.4	10.084	0.50066	1.1013
0.405	10.05	0.18787	0.47573
0.41	10.36	0.77191	1.6438
0.415	11.253	0.72127	1.5425
0.42	10.611	0.28127	0.66254
0.425	10.09	0.2773	0.6546
0.43	10.109	0.0047847	0.10957
0.435	9.9659	0.61132	1.3226
0.44	10.29	0.18953	0.47905
0.445	10.609	0.40167	0.90335
0.45	10.655	0.61207	1.3241
0.455	10.369	0.49981	1.0996
0.46	10.735	0.54147	1.1829
0.465	10.731	0.69082	1.4816
0.47	10.63	0.43632	0.97263
0.475	11.023	0.42295	0.94589
0.48	10.892	0.27478	0.64956
0.485	10.472	0.98881	2.0776
0.49	9.8753	0.90848	1.917
0.495	9.7681	0.051872	0.20374
0.5	9.9377	0.38182	0.86364
0.505	10.017	0.5633	1.2266
0.51	9.7812	0.20044	0.50088
0.515	10.389	0.65535	1.4107
0.52	10.222	0.20836	0.51672
0.525	10.451	0.30482	0.70964
0.53	10.739	0.13174	0.36348
0.535	10.846	0.68774	1.4755
0.54	10.73	0.85327	1.8065
0.545	10.82	0.99451	2.089
0.55	10.942	0.85624	1.8125
0.555	10.406	0.90695	1.9139
0.56	10.484	0.69605	1.4921
0.565	10.568	0.27377	0.64753
0.57	10.565	0.025075	0.15015
0.575	10.6	0.17741	0.45483
0.58	10.172	0.07767	0.25534
0.585	10.295	0.057174	0.21435
0.59	10.85	0.53265	1.1653
0.595	10.496	0.83072	1.7614
0.6	10.63	0.21144	0.52287
0.605	10.382	0.19775	0.49549
0.61	9.8547	0.46791	1.0358
0.615	9.5748	0.072083	0.24417
0.62	10.228	0.15849	0.41698
0.625	11.058	0.1338	0.36759
0.63	11.469	0.41914	0.93828
0.635	10.444	1.1605	2.421
0.64	10.697	1.0129	2.1257
0.645	10.66	1.1421	2.3842
0.65	10.436	0.80421	1.7084
0.655	10.033	0.74878	1.5976
0.66	9.7026	0.40765	0.9153
0.665	9.8944	0.087083	0.27417
0.67	10.285	0.12615	0.3523
0.675	10.893	0.58013	1.2603
0.68	10.964	0.17511	0.45022
0.685	10.927	0.45141	1.0028
0.69	10.816	0.68003	1.4601
0.695	10.743	0.13083	0.36165
0.7	10.189	0.46027	1.0205
0.705	10.373	0.091767	0.28353
0.71	11.085	0.20839	0.51677
0.715	11.38	0.82767	1.7553
0.72	10.374	0.22858	0.55716
0.725	10.288	0.14736	0.39473
0.73	10.758	0.20173	0.50345
0.735	10.436	0.051049	0.2021
0.74	10.39	0.086108	0.27222
0.745	10.685	0.28348	0.66695
0.75	10.874	0.8431	1.7862
0.755	10.115	1.2096	2.5191
0.76	10.609	0.89815	1.8963
0.765	10.346	0.99562	2.0912
0.77	9.794	0.40384	0.90768
0.775	10.206	0.38155	0.86309
0.78	10.135	0.48262	1.0652
0.785	9.9835	0.20094	0.50188
0.79	10.137	0.054087	0.20817
0.795	10.867	0.032667	0.16533
0.8	10.572	0.12047	0.34095
0.805	10.418	0.26509	0.63017
0.81	10.6	0.5634	1.2268
0.815	10.521	0.067777	0.23555
0.82	10.271	0.18498	0.46996
0.825	10.086	0.15399	0.40797
0.83	10.326	0.54541	1.1908
0.835	10.525	0.34335	0.78671
0.84	10.719	0.27102	0.64205
0.845	10.635	0.23345	0.56689
0.85	10.364	0.42844	0.95689
0.855	11.013	0.47235	1.0447
0.86	10.672	0.415	0.92999
0.865	10.307	0.83104	1.7621
0.87	10.392	0.33146	0.76291
0.875	10.465	0.27268	0.64536
0.88	10.034	0.068227	0.23645
0.885	9.7802	0.32078	0.74156
0.89	9.8303	0.52953	1.1591
0.895	10.084	0.58518	1.2704
0.9	10.377	0.77698	1.654
0.905	10.608	0.62113	1.3423
0.91	10.807	0.067123	0.23425
0.915	10.945	0.74892	1.5978
0.92	11.253	0.27529	0.65057
0.925	10.848	0.11386	0.32773
0.93	10.192	0.51415	1.1283
0.935	10.502	0.26037	0.62074
0.94	10.788	0.14451	0.38902
0.945	10.397	0.10462	0.30923
0.95	9.9994	0.36364	0.82729
0.955	9.9364	0.14947	0.39893
0.96	9.9505	0.33613	0.77227
0.965	10.267	0.90823	1.9165
0.97	10.578	1.003	2.1059
0.975	10.603	0.43123	0.96247
0.98	10.345	0.21441	0.52882
0.985	10.472	0.66773	1.4355
0.99	10.844	0.95255	2.0051
0.995	10.671	0.18669	0.47339
1	10.092	0.075977	0.25195
1.005	9.8663	0.12851	0.35701
1.01	9.9808	0.39156	0.88311
1.015	10.257	0.88322	1.8664
1.02	10.487	1.0633	2.2266
1.025	10.472	0.54861	1.1972
1.03	10.36	0.28421	0.66842
1.035	9.9869	0.71056	1.5211
1.04	10.286	0.021584	0.14317
1.045	10.271	0.065587	0.23117
1.05	10.392	0.04367	0.18734
1.055	10.867	0.0080867	0.11617
1.06	9.9963	0.27659	0.65319
1.065	9.9637	0.3527	0.80539
1.07	10.293	0.78732	1.6746
1.075	10.43	0.77946	1.6589
1.08	10.308	0.26029	0.62057
1.085	10.24	0.77456	1.6491
1.09	10.203	0.54429	1.1886
1.095	10.311	0.31498	0.72995
1.1	10.978	0.38263	0.86527
1.105	11.229	0.47424	1.0485
1.11	11.298	0.99391	2.0878
1.115	10.547	0.4719	1.0438
1.12	10.831	0.47426	1.0485
1.125	10.656	0.065089	0.23018
1.13	10.455	0.22594	0.55188
1.135	11.099	0.22719	0.55437
1.14	10.369	0.046939	0.19388
1.145	10.487	0.57135	1.2427
1.15	10.719	0.66248	1.425
1.155	10.075	0.8635	1.827
1.16	10.355	0.77103	1.6421
1.165	10.622	0.54308	1.1862
1.17	10.759	0.45104	1.0021
1.175	10.658	0.61147	1.3229
1.18	10.295	0.31648	0.73296
1.185	10.705	0.38608	0.87216
1.19	11.09	0.0468	0.1936
1.195	10.52	0.052163	0.20433
1.2	10.545	0.012924	0.12585
1.205	10.608	0.10268	0.30535
1.21	10.5	0.19497	0.48994
1.215	10.56	1.4252	2.9504
1.22	10.445	0.85887	1.8177
1.225	10.459	0.2422	0.5844
1.23	10.616	0.24277	0.58554
1.235	10.448	1.0156	2.1312
1.24	10.337	0.16156	0.42313
1.245	10.557	0.23813	0.57626
1.25	10.447	0.49716	1.0943
1.255	10.172	0.10851	0.31702
1.26	9.9327	0.058483	0.21697
1.265	10.262	0.1401	0.3802
1.27	10.658	0.10325	0.30651
1.275	10.635	0.030144	0.16029
1.28	10.42	0.4345	0.96901
1.285	10.722	0.15293	0.40585
1.29	10.825	0.4964	1.0928
1.295	10.789	0.26178	0.62355
1.3	10.357	0.45912	1.0182
