Temperature (K)	Pressure (MPa)	Density (l, kg/m3)	Volume (l, m3/kg)	Internal Energy (l, kJ/mol)	Enthalpy (l, kJ/mol)	Entropy (l, J/mol*K)	Cv (l, J/mol*K)	Cp (l, J/mol*K)	Sound Spd. (l, m/s)	Joule-Thomson (l, K/MPa)	Viscosity (l, uPa*s)	Therm. Cond. (l, W/m*K)	Surf. Tension (l, N/m)	Density (v, kg/m3)	Volume (v, m3/kg)	Internal Energy (v, kJ/mol)	Enthalpy (v, kJ/mol)	Entropy (v, J/mol*K)	Cv (v, J/mol*K)	Cp (v, J/mol*K)	Sound Spd. (v, m/s)	Joule-Thomson (v, K/MPa)	Viscosity (v, uPa*s)	Therm. Cond. (v, W/m*K)
300.00	0.0066749	677.94	0.0014751	-17.189	-17.188	-51.224	178.51	225.22	1120.1	-0.41016	380.04	0.13074	0.019832	0.27019	3.7011	16.807	19.282	70.343	158.08	166.77	160.82	67.305	6.0076	0.011741
301.20	0.0070782	676.92	0.0014773	-16.919	-16.918	-50.324	178.93	225.68	1115.2	-0.40830	375.01	0.13043	0.019706	0.28547	3.5030	16.993	19.478	70.511	158.62	167.33	161.08	66.284	6.0330	0.011833
302.40	0.0075017	675.90	0.0014795	-16.648	-16.647	-49.426	179.36	226.14	1110.2	-0.40643	370.09	0.13013	0.019580	0.30146	3.3172	17.181	19.674	70.683	159.16	167.88	161.34	65.285	6.0584	0.011926
303.60	0.0079461	674.88	0.0014817	-16.376	-16.375	-48.530	179.79	226.60	1105.2	-0.40454	365.26	0.12982	0.019454	0.31817	3.1430	17.369	19.871	70.859	159.70	168.44	161.59	64.306	6.0838	0.012019
304.80	0.0084122	673.86	0.0014840	-16.104	-16.103	-47.635	180.21	227.07	1100.3	-0.40264	360.53	0.12951	0.019329	0.33563	2.9795	17.557	20.069	71.038	160.24	169.00	161.85	63.348	6.1093	0.012112
306.00	0.0089009	672.84	0.0014862	-15.831	-15.830	-46.742	180.64	227.54	1095.3	-0.40072	355.89	0.12921	0.019203	0.35387	2.8259	17.746	20.267	71.221	160.79	169.57	162.10	62.409	6.1348	0.012206
307.20	0.0094129	671.82	0.0014885	-15.558	-15.557	-45.851	181.08	228.01	1090.4	-0.39879	351.35	0.12890	0.019078	0.37291	2.6816	17.936	20.465	71.408	161.33	170.13	162.35	61.489	6.1603	0.012301
308.40	0.0099491	670.79	0.0014908	-15.284	-15.283	-44.961	181.51	228.48	1085.5	-0.39684	346.89	0.12859	0.018954	0.39278	2.5460	18.126	20.664	71.598	161.88	170.70	162.59	60.588	6.1859	0.012396
309.60	0.010510	669.77	0.0014931	-15.010	-15.008	-44.073	181.95	228.96	1080.6	-0.39488	342.52	0.12829	0.018829	0.41350	2.4184	18.317	20.863	71.792	162.43	171.27	162.83	59.706	6.2115	0.012491
310.80	0.011098	668.74	0.0014954	-14.735	-14.733	-43.186	182.38	229.44	1075.6	-0.39290	338.23	0.12798	0.018705	0.43511	2.2983	18.508	21.063	71.989	162.98	171.84	163.07	58.842	6.2371	0.012587
312.00	0.011712	667.71	0.0014977	-14.459	-14.457	-42.301	182.82	229.92	1070.7	-0.39091	334.03	0.12768	0.018580	0.45763	2.1852	18.699	21.264	72.189	163.53	172.41	163.31	57.995	6.2628	0.012683
313.20	0.012354	666.68	0.0015000	-14.183	-14.181	-41.418	183.26	230.40	1065.8	-0.38891	329.90	0.12737	0.018456	0.48108	2.0787	18.891	21.465	72.393	164.08	172.98	163.54	57.165	6.2885	0.012780
314.40	0.013024	665.65	0.0015023	-13.906	-13.904	-40.536	183.70	230.89	1060.9	-0.38689	325.86	0.12707	0.018332	0.50550	1.9782	19.084	21.666	72.601	164.63	173.56	163.77	56.352	6.3142	0.012877
315.60	0.013725	664.62	0.0015046	-13.629	-13.627	-39.656	184.14	231.37	1056.1	-0.38485	321.88	0.12676	0.018209	0.53092	1.8835	19.277	21.868	72.811	165.19	174.14	164.00	55.556	6.3400	0.012975
316.80	0.014456	663.58	0.0015070	-13.351	-13.349	-38.777	184.59	231.86	1051.2	-0.38280	317.98	0.12646	0.018085	0.55737	1.7941	19.471	22.070	73.025	165.74	174.72	164.23	54.775	6.3659	0.013073
318.00	0.015219	662.55	0.0015093	-13.073	-13.070	-37.899	185.03	232.36	1046.3	-0.38073	314.16	0.12615	0.017962	0.58487	1.7098	19.665	22.273	73.242	166.30	175.30	164.45	54.011	6.3917	0.013172
319.20	0.016015	661.51	0.0015117	-12.793	-12.791	-37.023	185.48	232.85	1041.4	-0.37864	310.40	0.12585	0.017839	0.61346	1.6301	19.860	22.476	73.462	166.86	175.89	164.67	53.261	6.4176	0.013271
320.40	0.016844	660.47	0.0015141	-12.514	-12.511	-36.149	185.93	233.35	1036.6	-0.37654	306.71	0.12555	0.017716	0.64317	1.5548	20.055	22.680	73.685	167.42	176.47	164.89	52.527	6.4436	0.013371
321.60	0.017709	659.43	0.0015165	-12.234	-12.231	-35.276	186.37	233.84	1031.7	-0.37443	303.08	0.12524	0.017594	0.67403	1.4836	20.251	22.884	73.912	167.98	177.06	165.10	51.807	6.4695	0.013471
322.80	0.018609	658.39	0.0015189	-11.953	-11.950	-34.404	186.82	234.35	1026.9	-0.37229	299.52	0.12494	0.017471	0.70607	1.4163	20.448	23.088	74.141	168.54	177.65	165.31	51.102	6.4956	0.013571
324.00	0.019547	657.34	0.0015213	-11.671	-11.668	-33.534	187.28	234.85	1022.0	-0.37014	296.03	0.12464	0.017349	0.73933	1.3526	20.644	23.293	74.373	169.10	178.24	165.52	50.411	6.5216	0.013672
325.20	0.020523	656.30	0.0015237	-11.389	-11.386	-32.665	187.73	235.35	1017.2	-0.36797	292.59	0.12434	0.017227	0.77384	1.2923	20.842	23.499	74.608	169.67	178.84	165.72	49.734	6.5477	0.013774
326.40	0.021538	655.25	0.0015261	-11.107	-11.103	-31.797	188.18	235.86	1012.4	-0.36579	289.22	0.12403	0.017105	0.80964	1.2351	21.039	23.705	74.846	170.23	179.43	165.92	49.070	6.5739	0.013876
327.60	0.022594	654.20	0.0015286	-10.823	-10.820	-30.931	188.64	236.37	1007.5	-0.36359	285.90	0.12373	0.016983	0.84675	1.1810	21.238	23.911	75.086	170.80	180.03	166.12	48.419	6.6000	0.013979
328.80	0.023691	653.15	0.0015310	-10.539	-10.536	-30.066	189.09	236.88	1002.7	-0.36137	282.64	0.12343	0.016862	0.88522	1.1297	21.437	24.118	75.330	171.37	180.63	166.32	47.781	6.6263	0.014082
330.00	0.024832	652.09	0.0015335	-10.255	-10.251	-29.202	189.55	237.39	997.89	-0.35913	279.43	0.12313	0.016741	0.92508	1.0810	21.636	24.326	75.576	171.94	181.23	166.51	47.155	6.6526	0.014185
331.20	0.026016	651.04	0.0015360	-9.9698	-9.9658	-28.340	190.01	237.91	993.08	-0.35687	276.28	0.12283	0.016620	0.96636	1.0348	21.836	24.533	75.824	172.51	181.84	166.70	46.542	6.6789	0.014289
332.40	0.027247	649.98	0.0015385	-9.6841	-9.6799	-27.479	190.46	238.43	988.27	-0.35460	273.18	0.12253	0.016499	1.0091	0.99097	22.036	24.742	76.076	173.08	182.44	166.88	45.942	6.7052	0.014394
333.60	0.028524	648.92	0.0015410	-9.3978	-9.3934	-26.619	190.92	238.95	983.47	-0.35230	270.14	0.12223	0.016378	1.0534	0.94934	22.237	24.950	76.329	173.65	183.05	167.06	45.352	6.7316	0.014499
334.80	0.029849	647.86	0.0015435	-9.1108	-9.1062	-25.760	191.39	239.47	978.67	-0.34999	267.14	0.12194	0.016258	1.0991	0.90980	22.438	25.159	76.586	174.22	183.66	167.24	44.775	6.7581	0.014604
336.00	0.031223	646.80	0.0015461	-8.8233	-8.8184	-24.903	191.85	239.99	973.88	-0.34766	264.19	0.12164	0.016138	1.1465	0.87221	22.640	25.369	76.845	174.79	184.27	167.41	44.209	6.7846	0.014710
337.20	0.032648	645.73	0.0015486	-8.5351	-8.5300	-24.047	192.31	240.52	969.10	-0.34531	261.29	0.12134	0.016018	1.1955	0.83648	22.842	25.579	77.106	175.37	184.88	167.58	43.654	6.8111	0.014816
338.40	0.034125	644.67	0.0015512	-8.2463	-8.2410	-23.192	192.77	241.04	964.31	-0.34293	258.44	0.12104	0.015898	1.2461	0.80249	23.045	25.789	77.370	175.94	185.50	167.75	43.109	6.8377	0.014923
339.60	0.035656	643.60	0.0015538	-7.9568	-7.9513	-22.338	193.24	241.57	959.54	-0.34054	255.63	0.12074	0.015779	1.2985	0.77015	23.248	26.000	77.636	176.52	186.11	167.91	42.576	6.8644	0.015031
340.80	0.037241	642.53	0.0015564	-7.6667	-7.6609	-21.485	193.70	242.10	954.76	-0.33813	252.87	0.12045	0.015659	1.3525	0.73936	23.452	26.211	77.905	177.10	186.73	168.07	42.053	6.8911	0.015139
342.00	0.038883	641.45	0.0015590	-7.3760	-7.3700	-20.634	194.17	242.63	949.99	-0.33569	250.15	0.12015	0.015540	1.4084	0.71004	23.656	26.423	78.175	177.67	187.35	168.23	41.540	6.9178	0.015247
343.20	0.040582	640.38	0.0015616	-7.0847	-7.0783	-19.783	194.63	243.17	945.23	-0.33323	247.48	0.11986	0.015421	1.4660	0.68211	23.861	26.635	78.448	178.25	187.97	168.38	41.037	6.9446	0.015356
344.40	0.042341	639.30	0.0015642	-6.7927	-6.7861	-18.934	195.10	243.71	940.47	-0.33076	244.84	0.11956	0.015302	1.5256	0.65549	24.066	26.847	78.724	178.83	188.60	168.53	40.544	6.9715	0.015466
345.60	0.044160	638.22	0.0015669	-6.5001	-6.4932	-18.086	195.57	244.24	935.71	-0.32825	242.25	0.11927	0.015184	1.5870	0.63012	24.272	27.060	79.001	179.41	189.22	168.67	40.060	6.9984	0.015575
346.80	0.046041	637.13	0.0015695	-6.2068	-6.1996	-17.239	196.04	244.78	930.95	-0.32573	239.69	0.11897	0.015066	1.6504	0.60592	24.478	27.273	79.281	179.99	189.85	168.81	39.586	7.0254	0.015686
348.00	0.047985	636.05	0.0015722	-5.9129	-5.9054	-16.393	196.51	245.33	926.20	-0.32318	237.18	0.11868	0.014948	1.7158	0.58283	24.685	27.487	79.562	180.58	190.48	168.95	39.121	7.0524	0.015797
349.20	0.049995	634.96	0.0015749	-5.6184	-5.6105	-15.548	196.98	245.87	921.46	-0.32061	234.70	0.11838	0.014830	1.7832	0.56079	24.892	27.701	79.846	181.16	191.11	169.08	38.665	7.0795	0.015908
350.40	0.052072	633.87	0.0015776	-5.3232	-5.3150	-14.704	197.45	246.41	916.71	-0.31802	232.26	0.11809	0.014712	1.8527	0.53976	25.099	27.915	80.132	181.74	191.75	169.21	38.217	7.1066	0.016020
351.60	0.054216	632.78	0.0015803	-5.0274	-5.0188	-13.861	197.92	246.96	911.97	-0.31540	229.86	0.11780	0.014595	1.9243	0.51966	25.307	28.130	80.420	182.33	192.38	169.33	37.779	7.1338	0.016132
352.80	0.056431	631.68	0.0015831	-4.7309	-4.7219	-13.019	198.39	247.51	907.23	-0.31275	227.49	0.11751	0.014477	1.9981	0.50047	25.516	28.345	80.709	182.91	193.02	169.45	37.349	7.1610	0.016245
354.00	0.058717	630.58	0.0015858	-4.4337	-4.4244	-12.178	198.86	248.06	902.50	-0.31008	225.16	0.11721	0.014360	2.0742	0.48212	25.724	28.561	81.001	183.50	193.66	169.56	36.927	7.1883	0.016359
355.20	0.061076	629.48	0.0015886	-4.1359	-4.1262	-11.338	199.34	248.61	897.76	-0.30738	222.86	0.11692	0.014244	2.1525	0.46458	25.934	28.777	81.295	184.08	194.30	169.68	36.514	7.2157	0.016473
356.40	0.063509	628.38	0.0015914	-3.8375	-3.8274	-10.499	199.81	249.17	893.03	-0.30466	220.60	0.11663	0.014127	2.2331	0.44780	26.144	28.993	81.590	184.67	194.94	169.78	36.108	7.2431	0.016587
357.60	0.066020	627.27	0.0015942	-3.5384	-3.5278	-9.6615	200.28	249.73	888.31	-0.30191	218.37	0.11634	0.014011	2.3161	0.43175	26.354	29.210	81.887	185.26	195.59	169.88	35.710	7.2706	0.016702
358.80	0.068608	626.16	0.0015970	-3.2386	-3.2276	-8.8246	200.76	250.28	883.58	-0.29913	216.16	0.11605	0.013895	2.4016	0.41639	26.565	29.427	82.187	185.84	196.24	169.98	35.320	7.2982	0.016817
360.00	0.071275	625.05	0.0015999	-2.9382	-2.9268	-7.9886	201.23	250.84	878.86	-0.29632	214.00	0.11576	0.013779	2.4895	0.40169	26.776	29.645	82.487	186.43	196.88	170.08	34.938	7.3258	0.016933
361.20	0.074025	623.94	0.0016027	-2.6371	-2.6252	-7.1536	201.71	251.41	874.14	-0.29348	211.86	0.11547	0.013663	2.5799	0.38761	26.987	29.862	82.790	187.02	197.54	170.16	34.563	7.3535	0.017050
362.40	0.076857	622.82	0.0016056	-2.3353	-2.3230	-6.3195	202.18	251.97	869.42	-0.29061	209.75	0.11518	0.013547	2.6729	0.37412	27.199	30.081	83.094	187.61	198.19	170.25	34.195	7.3813	0.017167
363.60	0.079774	621.70	0.0016085	-2.0329	-2.0201	-5.4863	202.66	252.53	864.70	-0.28771	207.67	0.11489	0.013432	2.7685	0.36120	27.412	30.299	83.400	188.20	198.84	170.33	33.834	7.4091	0.017284
364.80	0.082778	620.58	0.0016114	-1.7298	-1.7165	-4.6540	203.14	253.10	859.99	-0.28478	205.62	0.11461	0.013317	2.8669	0.34881	27.625	30.518	83.708	188.79	199.50	170.40	33.480	7.4371	0.017402
366.00	0.085870	619.45	0.0016143	-1.4261	-1.4122	-3.8226	203.61	253.67	855.28	-0.28182	203.60	0.11432	0.013202	2.9679	0.33694	27.838	30.737	84.017	189.38	200.16	170.47	33.133	7.4651	0.017521
367.20	0.089053	618.32	0.0016173	-1.1216	-1.1072	-2.9921	204.09	254.24	850.56	-0.27883	201.60	0.11403	0.013088	3.0718	0.32554	28.052	30.957	84.328	189.97	200.82	170.54	32.793	7.4931	0.017640
368.40	0.092327	617.19	0.0016203	-0.81652	-0.80153	-2.1625	204.57	254.81	845.85	-0.27580	199.63	0.11374	0.012973	3.1785	0.31461	28.266	31.177	84.640	190.57	201.48	170.60	32.459	7.5213	0.017760
369.60	0.095696	616.05	0.0016232	-0.51073	-0.49517	-1.3338	205.04	255.39	841.14	-0.27274	197.69	0.11346	0.012859	3.2881	0.30413	28.481	31.397	84.954	191.16	202.15	170.66	32.132	7.5495	0.017880
370.80	0.099160	614.91	0.0016262	-0.20427	-0.18811	-0.50587	205.52	255.97	836.44	-0.26964	195.78	0.11317	0.012745	3.4007	0.29406	28.696	31.617	85.270	191.75	202.81	170.71	31.811	7.5778	0.018000
372.00	0.10272	613.77	0.0016293	0.10287	0.11964	0.32119	206.00	256.54	831.73	-0.26651	193.89	0.11289	0.012632	3.5163	0.28439	28.911	31.838	85.586	192.34	203.48	170.75	31.497	7.6062	0.018121
373.20	0.10638	612.62	0.0016323	0.41069	0.42809	1.1474	206.48	257.12	827.02	-0.26334	192.02	0.11260	0.012518	3.6350	0.27511	29.127	32.059	85.905	192.94	204.15	170.79	31.188	7.6346	0.018243
374.40	0.11015	611.48	0.0016354	0.71919	0.73724	1.9728	206.96	257.71	822.32	-0.26013	190.18	0.11232	0.012405	3.7568	0.26618	29.343	32.281	86.224	193.53	204.83	170.83	30.886	7.6632	0.018365
375.60	0.11401	610.32	0.0016385	1.0284	1.0471	2.7974	207.44	258.29	817.61	-0.25688	188.36	0.11203	0.012292	3.8818	0.25761	29.560	32.503	86.545	194.13	205.50	170.86	30.589	7.6918	0.018488
376.80	0.11798	609.17	0.0016416	1.3382	1.3577	3.6212	207.92	258.88	812.91	-0.25359	186.57	0.11175	0.012179	4.0101	0.24937	29.777	32.725	86.868	194.72	206.18	170.89	30.298	7.7205	0.018611
378.00	0.12206	608.01	0.0016447	1.6488	1.6689	4.4442	208.40	259.46	808.20	-0.25027	184.80	0.11146	0.012067	4.1418	0.24144	29.994	32.947	87.191	195.32	206.86	170.91	30.013	7.7494	0.018735
379.20	0.12625	606.84	0.0016479	1.9601	1.9809	5.2664	208.87	260.05	803.50	-0.24690	183.05	0.11118	0.011954	4.2768	0.23382	30.212	33.170	87.516	195.91	207.54	170.92	29.734	7.7783	0.018859
380.40	0.13055	605.68	0.0016510	2.2720	2.2936	6.0879	209.35	260.65	798.79	-0.24349	181.32	0.11090	0.011842	4.4153	0.22649	30.430	33.393	87.843	196.51	208.23	170.93	29.460	7.8073	0.018984
381.60	0.13496	604.50	0.0016542	2.5846	2.6070	6.9085	209.83	261.24	794.09	-0.24003	179.62	0.11062	0.011730	4.5573	0.21943	30.649	33.616	88.170	197.10	208.92	170.94	29.191	7.8364	0.019110
382.80	0.13949	603.33	0.0016575	2.8980	2.9211	7.7285	210.31	261.84	789.38	-0.23653	177.93	0.11033	0.011619	4.7029	0.21263	30.868	33.840	88.499	197.70	209.61	170.93	28.928	7.8656	0.019236
384.00	0.14413	602.15	0.0016607	3.2120	3.2360	8.5476	210.79	262.43	784.68	-0.23299	176.27	0.11005	0.011507	4.8522	0.20609	31.087	34.064	88.829	198.30	210.30	170.93	28.669	7.8949	0.019362
385.20	0.14889	600.97	0.0016640	3.5267	3.5516	9.3661	211.27	263.03	779.97	-0.22939	174.62	0.10977	0.011396	5.0052	0.19979	31.307	34.288	89.160	198.90	210.99	170.92	28.416	7.9243	0.019489
386.40	0.15378	599.78	0.0016673	3.8422	3.8678	10.184	211.76	263.64	775.26	-0.22575	173.00	0.10949	0.011285	5.1620	0.19372	31.527	34.512	89.492	199.49	211.69	170.90	28.169	7.9539	0.019617
387.60	0.15878	598.59	0.0016706	4.1583	4.1849	11.001	212.24	264.24	770.56	-0.22206	171.40	0.10921	0.011174	5.3226	0.18788	31.748	34.737	89.825	200.09	212.39	170.87	27.926	7.9835	0.019745
388.80	0.16392	597.39	0.0016739	4.4751	4.5026	11.817	212.72	264.85	765.85	-0.21832	169.81	0.10893	0.011064	5.4872	0.18224	31.969	34.962	90.159	200.69	213.09	170.84	27.687	8.0132	0.019874
390.00	0.16918	596.20	0.0016773	4.7927	4.8211	12.633	213.20	265.46	761.14	-0.21452	168.25	0.10865	0.010954	5.6559	0.17681	32.190	35.187	90.495	201.29	213.79	170.81	27.454	8.0431	0.020003
391.20	0.17457	594.99	0.0016807	5.1109	5.1403	13.448	213.68	266.07	756.43	-0.21067	166.70	0.10837	0.010844	5.8286	0.17157	32.412	35.413	90.831	201.88	214.50	170.77	27.226	8.0731	0.020133
392.40	0.18009	593.78	0.0016841	5.4299	5.4603	14.262	214.16	266.68	751.71	-0.20677	165.17	0.10809	0.010734	6.0055	0.16651	32.634	35.638	91.168	202.48	215.21	170.72	27.002	8.1032	0.020264
393.60	0.18574	592.57	0.0016876	5.7496	5.7810	15.076	214.64	267.30	747.00	-0.20280	163.66	0.10781	0.010625	6.1866	0.16164	32.856	35.864	91.506	203.08	215.93	170.67	26.782	8.1334	0.020395
394.80	0.19153	591.35	0.0016910	6.0700	6.1024	15.888	215.12	267.91	742.28	-0.19878	162.17	0.10753	0.010515	6.3721	0.15693	33.078	36.090	91.846	203.68	216.64	170.61	26.567	8.1637	0.020526
396.00	0.19746	590.13	0.0016945	6.3911	6.4246	16.701	215.60	268.53	737.57	-0.19470	160.69	0.10725	0.010406	6.5620	0.15239	33.301	36.317	92.186	204.28	217.36	170.54	26.357	8.1942	0.020658
397.20	0.20353	588.91	0.0016981	6.7129	6.7475	17.512	216.08	269.16	732.85	-0.19056	159.23	0.10697	0.010298	6.7564	0.14801	33.525	36.543	92.527	204.88	218.08	170.47	26.151	8.2248	0.020791
398.40	0.20974	587.68	0.0017016	7.0354	7.0712	18.323	216.56	269.78	728.12	-0.18635	157.78	0.10669	0.010189	6.9553	0.14377	33.748	36.770	92.869	205.48	218.81	170.39	25.949	8.2555	0.020925
399.60	0.21610	586.44	0.0017052	7.3587	7.3956	19.134	217.04	270.41	723.40	-0.18208	156.36	0.10641	0.010081	7.1589	0.13969	33.972	36.997	93.211	206.08	219.54	170.31	25.752	8.2864	0.021059
400.80	0.22260	585.20	0.0017088	7.6827	7.7208	19.944	217.52	271.04	718.67	-0.17774	154.94	0.10614	0.0099727	7.3673	0.13574	34.197	37.224	93.555	206.68	220.27	170.22	25.558	8.3174	0.021193
402.00	0.22925	583.95	0.0017125	8.0074	8.0468	20.753	218.00	271.67	713.94	-0.17334	153.55	0.10586	0.0098649	7.5805	0.13192	34.421	37.452	93.899	207.28	221.00	170.12	25.369	8.3486	0.021328
403.20	0.23606	582.70	0.0017161	8.3329	8.3735	21.561	218.48	272.31	709.21	-0.16886	152.17	0.10558	0.0097574	7.7986	0.12823	34.646	37.679	94.244	207.88	221.74	170.01	25.184	8.3799	0.021464
404.40	0.24302	581.45	0.0017198	8.6591	8.7009	22.369	218.96	272.95	704.47	-0.16430	150.80	0.10530	0.0096502	8.0217	0.12466	34.871	37.907	94.590	208.48	222.48	169.90	25.003	8.4114	0.021600
405.60	0.25013	580.19	0.0017236	8.9860	9.0292	23.177	219.44	273.59	699.73	-0.15967	149.45	0.10503	0.0095431	8.2500	0.12121	35.097	38.135	94.936	209.08	223.23	169.79	24.826	8.4430	0.021737
406.80	0.25740	578.92	0.0017274	9.3136	9.3582	23.984	219.93	274.24	694.99	-0.15497	148.11	0.10475	0.0094364	8.4834	0.11788	35.323	38.363	95.283	209.68	223.98	169.66	24.652	8.4748	0.021875
408.00	0.26483	577.65	0.0017312	9.6420	9.6880	24.790	220.41	274.88	690.24	-0.15018	146.78	0.10447	0.0093299	8.7221	0.11465	35.549	38.591	95.631	210.28	224.73	169.53	24.483	8.5067	0.022013
409.20	0.27243	576.37	0.0017350	9.9712	10.019	25.596	220.89	275.53	685.49	-0.14531	145.47	0.10420	0.0092236	8.9663	0.11153	35.775	38.820	95.980	210.88	225.49	169.39	24.317	8.5389	0.022152
410.40	0.28019	575.08	0.0017389	10.301	10.350	26.401	221.37	276.19	680.74	-0.14035	144.18	0.10392	0.0091177	9.2160	0.10851	36.002	39.048	96.329	211.48	226.25	169.25	24.155	8.5711	0.022291
411.60	0.28811	573.80	0.0017428	10.632	10.682	27.206	221.85	276.85	675.98	-0.13531	142.89	0.10364	0.0090119	9.4712	0.10558	36.229	39.277	96.678	212.09	227.01	169.09	23.997	8.6036	0.022432
412.80	0.29621	572.50	0.0017467	10.963	11.015	28.010	222.33	277.51	671.22	-0.13018	141.62	0.10337	0.0089065	9.7322	0.10275	36.456	39.506	97.028	212.69	227.78	168.93	23.842	8.6363	0.022572
414.00	0.30448	571.20	0.0017507	11.295	11.349	28.814	222.81	278.17	666.45	-0.12495	140.37	0.10309	0.0088013	9.9990	0.10001	36.683	39.735	97.379	213.29	228.55	168.77	23.692	8.6691	0.022714
415.20	0.31293	569.89	0.0017547	11.628	11.683	29.617	223.29	278.84	661.68	-0.11963	139.12	0.10282	0.0086963	10.272	0.097354	36.911	39.964	97.730	213.89	229.33	168.59	23.544	8.7021	0.022856
416.40	0.32155	568.58	0.0017588	11.962	12.018	30.420	223.77	279.51	656.90	-0.11420	137.89	0.10254	0.0085917	10.551	0.094782	37.139	40.193	98.082	214.49	230.11	168.41	23.400	8.7354	0.022998
417.60	0.33035	567.26	0.0017629	12.296	12.354	31.222	224.25	280.18	652.12	-0.10868	136.67	0.10226	0.0084873	10.836	0.092289	37.367	40.422	98.434	215.10	230.90	168.22	23.260	8.7688	0.023142
418.80	0.33933	565.93	0.0017670	12.631	12.691	32.024	224.73	280.86	647.33	-0.10304	135.46	0.10199	0.0083831	11.127	0.089873	37.596	40.652	98.786	215.70	231.69	168.02	23.123	8.8024	0.023286
420.00	0.34850	564.60	0.0017712	12.967	13.029	32.825	225.20	281.55	642.54	-0.097302	134.26	0.10171	0.0082793	11.424	0.087532	37.824	40.881	99.139	216.30	232.49	167.82	22.990	8.8363	0.023431
421.20	0.35785	563.26	0.0017754	13.304	13.368	33.626	225.68	282.23	637.74	-0.091446	133.08	0.10144	0.0081757	11.729	0.085262	38.053	41.111	99.492	216.90	233.29	167.60	22.860	8.8704	0.023576
422.40	0.36740	561.91	0.0017796	13.641	13.707	34.426	226.16	282.92	632.94	-0.085474	131.90	0.10116	0.0080724	12.039	0.083060	38.282	41.340	99.846	217.50	234.10	167.38	22.733	8.9046	0.023722
423.60	0.37713	560.56	0.0017839	13.980	14.047	35.226	226.64	283.62	628.13	-0.079380	130.74	0.10088	0.0079693	12.357	0.080925	38.512	41.570	100.20	218.11	234.92	167.15	22.610	8.9392	0.023869
424.80	0.38706	559.20	0.0017883	14.319	14.388	36.026	227.12	284.32	623.31	-0.073161	129.58	0.10061	0.0078666	12.682	0.078854	38.741	41.800	100.55	218.71	235.74	166.92	22.490	8.9739	0.024016
426.00	0.39719	557.83	0.0017927	14.659	14.730	36.825	227.60	285.02	618.49	-0.066813	128.44	0.10033	0.0077641	13.013	0.076845	38.971	42.029	100.91	219.31	236.56	166.67	22.373	9.0089	0.024165
427.20	0.40751	556.46	0.0017971	14.999	15.073	37.624	228.08	285.73	613.66	-0.060330	127.31	0.10006	0.0076619	13.352	0.074895	39.201	42.259	101.26	219.92	237.39	166.42	22.260	9.0442	0.024314
428.40	0.41804	555.08	0.0018016	15.341	15.416	38.422	228.56	286.45	608.82	-0.053709	126.19	0.099780	0.0075600	13.698	0.073002	39.431	42.489	101.62	220.52	238.23	166.15	22.150	9.0797	0.024463
429.60	0.42877	553.69	0.0018061	15.683	15.760	39.221	229.04	287.17	603.98	-0.046944	125.07	0.099503	0.0074584	14.052	0.071165	39.661	42.719	101.97	221.12	239.08	165.88	22.043	9.1155	0.024614
430.80	0.43971	552.29	0.0018107	16.026	16.105	40.018	229.52	287.89	599.13	-0.040031	123.97	0.099227	0.0073570	14.413	0.069381	39.891	42.948	102.33	221.73	239.93	165.60	21.939	9.1516	0.024765
432.00	0.45086	550.88	0.0018153	16.369	16.452	40.816	229.99	288.62	594.27	-0.032963	122.88	0.098950	0.0072560	14.782	0.067648	40.122	43.178	102.68	222.33	240.79	165.31	21.839	9.1879	0.024917
433.20	0.46222	549.47	0.0018199	16.714	16.798	41.613	230.47	289.36	589.41	-0.025735	121.79	0.098673	0.0071552	15.160	0.065965	40.353	43.408	103.04	222.94	241.65	165.01	21.741	9.2245	0.025069
434.40	0.47380	548.04	0.0018247	17.060	17.146	42.410	230.95	290.10	584.53	-0.018341	120.72	0.098396	0.0070547	15.545	0.064330	40.583	43.638	103.39	223.54	242.53	164.71	21.647	9.2615	0.025223
435.60	0.48559	546.61	0.0018294	17.406	17.495	43.206	231.43	290.84	579.65	-0.010776	119.65	0.098119	0.0069546	15.938	0.062742	40.814	43.867	103.75	224.14	243.41	164.39	21.556	9.2987	0.025377
436.80	0.49761	545.17	0.0018343	17.753	17.844	44.002	231.91	291.60	574.76	-0.0030324	118.59	0.097841	0.0068547	16.340	0.061198	41.045	44.097	104.10	224.75	244.30	164.07	21.468	9.3362	0.025532
438.00	0.50984	543.72	0.0018392	18.101	18.195	44.798	232.39	292.36	569.86	0.0048966	117.54	0.097563	0.0067551	16.751	0.059698	41.277	44.326	104.46	225.35	245.20	163.73	21.383	9.3741	0.025688
439.20	0.52230	542.27	0.0018441	18.449	18.546	45.594	232.86	293.12	564.95	0.013018	116.50	0.097285	0.0066559	17.171	0.058239	41.508	44.556	104.81	225.96	246.11	163.39	21.302	9.4123	0.025845
440.40	0.53499	540.80	0.0018491	18.799	18.898	46.389	233.34	293.90	560.03	0.021339	115.47	0.097007	0.0065569	17.599	0.056821	41.739	44.785	105.17	226.56	247.03	163.03	21.223	9.4509	0.026002
441.60	0.54792	539.32	0.0018542	19.149	19.251	47.184	233.82	294.68	555.10	0.029868	114.44	0.096728	0.0064582	18.037	0.055441	41.971	45.014	105.53	227.17	247.96	162.67	21.148	9.4898	0.026161
442.80	0.56107	537.84	0.0018593	19.500	19.605	47.979	234.30	295.47	550.16	0.038612	113.43	0.096449	0.0063599	18.484	0.054100	42.202	45.244	105.88	227.78	248.89	162.29	21.076	9.5290	0.026320
444.00	0.57446	536.34	0.0018645	19.853	19.960	48.774	234.78	296.26	545.21	0.047582	112.42	0.096169	0.0062619	18.941	0.052794	42.434	45.473	106.23	228.38	249.84	161.91	21.006	9.5687	0.026480
445.20	0.58810	534.83	0.0018697	20.205	20.316	49.568	235.25	297.07	540.26	0.056785	111.42	0.095889	0.0061641	19.408	0.051524	42.665	45.701	106.59	228.99	250.80	161.51	20.940	9.6087	0.026641
446.40	0.60197	533.32	0.0018751	20.559	20.672	50.363	235.73	297.88	535.29	0.066231	110.42	0.095608	0.0060667	19.885	0.050289	42.897	45.930	106.94	229.60	251.77	161.11	20.877	9.6492	0.026803
447.60	0.61609	531.79	0.0018805	20.914	21.030	51.157	236.21	298.70	530.31	0.075931	109.43	0.095327	0.0059696	20.373	0.049086	43.128	46.158	107.30	230.20	252.76	160.69	20.817	9.6900	0.026966
448.80	0.63046	530.25	0.0018859	21.269	21.389	51.951	236.69	299.53	525.31	0.085896	108.45	0.095045	0.0058729	20.870	0.047915	43.360	46.387	107.65	230.81	253.75	160.26	20.761	9.7313	0.027129
450.00	0.64507	528.70	0.0018914	21.626	21.748	52.745	237.17	300.37	520.31	0.096136	107.48	0.094763	0.0057765	21.379	0.046774	43.591	46.615	108.00	231.42	254.76	159.83	20.707	9.7730	0.027294
451.20	0.65995	527.14	0.0018970	21.983	22.109	53.538	237.64	301.22	515.30	0.10666	106.51	0.094480	0.0056803	21.899	0.045664	43.823	46.843	108.36	232.03	255.78	159.38	20.657	9.8152	0.027460
452.40	0.67507	525.56	0.0019027	22.341	22.470	54.332	238.12	302.08	510.27	0.11749	105.55	0.094196	0.0055846	22.430	0.044583	44.054	47.070	108.71	232.63	256.82	158.92	20.609	9.8579	0.027626
453.60	0.69046	523.98	0.0019085	22.701	22.833	55.126	238.60	302.95	505.23	0.12863	104.60	0.093912	0.0054891	22.973	0.043529	44.286	47.297	109.06	233.24	257.87	158.44	20.565	9.9010	0.027794
454.80	0.70611	522.38	0.0019143	23.061	23.196	55.919	239.08	303.83	500.17	0.14010	103.65	0.093627	0.0053940	23.528	0.042503	44.517	47.524	109.41	233.85	258.94	157.96	20.525	9.9447	0.027963
456.00	0.72203	520.77	0.0019202	23.422	23.560	56.713	239.56	304.73	495.11	0.15191	102.70	0.093341	0.0052993	24.095	0.041502	44.748	47.751	109.76	234.46	260.02	157.46	20.487	9.9889	0.028132
457.20	0.73822	519.15	0.0019262	23.783	23.926	57.506	240.03	305.63	490.03	0.16408	101.77	0.093054	0.0052049	24.675	0.040528	44.980	47.977	110.11	235.07	261.13	156.96	20.453	10.034	0.028303
458.40	0.75467	517.51	0.0019323	24.146	24.292	58.300	240.51	306.55	484.93	0.17663	100.84	0.092767	0.0051108	25.267	0.039577	45.211	48.203	110.46	235.69	262.25	156.44	20.422	10.079	0.028475
459.60	0.77141	515.86	0.0019385	24.510	24.660	59.093	240.99	307.48	479.82	0.18956	99.910	0.092478	0.0050171	25.873	0.038651	45.442	48.429	110.81	236.30	263.38	155.90	20.394	10.125	0.028648
460.80	0.78842	514.19	0.0019448	24.875	25.028	59.887	241.47	308.43	474.70	0.20291	98.989	0.092189	0.0049237	26.492	0.037747	45.672	48.654	111.16	236.91	264.54	155.36	20.370	10.171	0.028822
462.00	0.80571	512.52	0.0019512	25.240	25.398	60.681	241.95	309.39	469.56	0.21669	98.073	0.091898	0.0048307	27.125	0.036866	45.903	48.879	111.51	237.52	265.72	154.80	20.349	10.218	0.028997
463.20	0.82328	510.82	0.0019576	25.607	25.769	61.474	242.43	310.37	464.40	0.23093	97.162	0.091607	0.0047381	27.773	0.036007	46.133	49.104	111.85	238.14	266.92	154.23	20.331	10.266	0.029174
464.40	0.84115	509.11	0.0019642	25.975	26.140	62.268	242.91	311.36	459.23	0.24564	96.255	0.091314	0.0046458	28.435	0.035168	46.363	49.327	112.20	238.75	268.15	153.65	20.318	10.314	0.029351
465.60	0.85930	507.39	0.0019709	26.343	26.513	63.062	243.39	312.37	454.05	0.26085	95.353	0.091020	0.0045539	29.112	0.034350	46.593	49.551	112.54	239.37	269.40	153.05	20.307	10.363	0.029530
466.80	0.87775	505.65	0.0019777	26.713	26.887	63.856	243.87	313.40	448.84	0.27658	94.456	0.090725	0.0044624	29.805	0.033551	46.823	49.774	112.89	239.98	270.67	152.44	20.300	10.413	0.029710
468.00	0.89649	503.89	0.0019846	27.084	27.262	64.651	244.35	314.44	443.62	0.29287	93.562	0.090429	0.0043712	30.514	0.032772	47.052	49.996	113.23	240.60	271.97	151.81	20.297	10.464	0.029892
469.20	0.91554	502.11	0.0019916	27.455	27.638	65.446	244.83	315.51	438.38	0.30975	92.673	0.090131	0.0042804	31.239	0.032011	47.281	50.218	113.57	241.22	273.31	151.17	20.298	10.515	0.030075
470.40	0.93489	500.32	0.0019987	27.828	28.015	66.240	245.31	316.60	433.12	0.32724	91.787	0.089832	0.0041901	31.982	0.031268	47.510	50.439	113.91	241.83	274.67	150.51	20.302	10.567	0.030259
471.60	0.95455	498.51	0.0020060	28.202	28.394	67.036	245.80	317.71	427.85	0.34538	90.906	0.089531	0.0041001	32.742	0.030542	47.738	50.660	114.25	242.45	276.06	149.84	20.310	10.620	0.030444
472.80	0.97452	496.68	0.0020134	28.577	28.774	67.831	246.28	318.84	422.55	0.36420	90.027	0.089229	0.0040105	33.520	0.029833	47.966	50.879	114.59	243.07	277.49	149.16	20.322	10.674	0.030631
474.00	0.99481	494.83	0.0020209	28.953	29.154	68.627	246.76	320.00	417.23	0.38375	89.152	0.088925	0.0039213	34.316	0.029141	48.194	51.099	114.92	243.70	278.95	148.46	20.338	10.729	0.030820
475.20	1.0154	492.96	0.0020286	29.330	29.537	69.423	247.25	321.18	411.90	0.40407	88.280	0.088619	0.0038325	35.132	0.028464	48.421	51.317	115.26	244.32	280.45	147.74	20.358	10.784	0.031010
476.40	1.0363	491.06	0.0020364	29.708	29.920	70.220	247.73	322.39	406.54	0.42520	87.410	0.088312	0.0037442	35.968	0.027803	48.647	51.534	115.59	244.94	281.99	147.01	20.383	10.841	0.031202
477.60	1.0576	489.15	0.0020444	30.088	30.305	71.017	248.22	323.63	401.16	0.44719	86.544	0.088002	0.0036562	36.824	0.027156	48.873	51.751	115.92	245.57	283.57	146.26	20.411	10.899	0.031395
478.80	1.0792	487.22	0.0020525	30.469	30.690	71.815	248.70	324.90	395.75	0.47009	85.680	0.087691	0.0035687	37.701	0.026524	49.099	51.967	116.25	246.19	285.20	145.50	20.444	10.958	0.031590
480.00	1.1011	485.26	0.0020608	30.850	31.078	72.613	249.19	326.20	390.33	0.49397	84.818	0.087377	0.0034816	38.600	0.025906	49.324	52.182	116.58	246.82	286.88	144.72	20.482	11.017	0.031786
481.20	1.1233	483.28	0.0020692	31.233	31.466	73.412	249.68	327.54	384.88	0.51888	83.958	0.087061	0.0033950	39.522	0.025302	49.548	52.396	116.91	247.45	288.61	143.92	20.524	11.079	0.031985
482.40	1.1459	481.27	0.0020778	31.618	31.856	74.212	250.17	328.91	379.41	0.54489	83.100	0.086743	0.0033088	40.468	0.024711	49.772	52.609	117.23	248.08	290.40	143.10	20.571	11.141	0.032185
483.60	1.1689	479.24	0.0020867	32.003	32.247	75.012	250.66	330.33	373.91	0.57207	82.243	0.086422	0.0032230	41.438	0.024132	49.995	52.821	117.55	248.71	292.24	142.27	20.622	11.204	0.032387
484.80	1.1921	477.18	0.0020957	32.390	32.640	75.813	251.15	331.79	368.39	0.60050	81.388	0.086099	0.0031377	42.433	0.023566	50.217	53.032	117.88	249.34	294.15	141.42	20.679	11.269	0.032592
486.00	1.2158	475.09	0.0021049	32.778	33.034	76.615	251.64	333.29	362.84	0.63028	80.534	0.085773	0.0030529	43.455	0.023012	50.438	53.242	118.19	249.98	296.12	140.55	20.740	11.336	0.032798
487.20	1.2398	472.97	0.0021143	33.167	33.430	77.418	252.14	334.84	357.26	0.66148	79.681	0.085445	0.0029685	44.504	0.022470	50.659	53.450	118.51	250.62	298.17	139.66	20.807	11.404	0.033006
488.40	1.2641	470.83	0.0021239	33.558	33.827	78.221	252.63	336.44	351.65	0.69422	78.828	0.085113	0.0028846	45.581	0.021939	50.878	53.657	118.82	251.26	300.30	138.75	20.880	11.473	0.033217
489.60	1.2889	468.65	0.0021338	33.951	34.226	79.026	253.13	338.10	346.02	0.72861	77.976	0.084778	0.0028012	46.689	0.021419	51.097	53.863	119.13	251.90	302.51	137.82	20.958	11.544	0.033430
490.80	1.3140	466.44	0.0021439	34.344	34.627	79.832	253.63	339.82	340.35	0.76477	77.124	0.084440	0.0027183	47.826	0.020909	51.315	54.067	119.44	252.54	304.80	136.87	21.041	11.617	0.033646
492.00	1.3394	464.19	0.0021543	34.739	35.029	80.639	254.13	341.60	334.66	0.80284	76.272	0.084098	0.0026359	48.997	0.020410	51.531	54.270	119.75	253.19	307.20	135.90	21.131	11.691	0.033863
493.20	1.3653	461.91	0.0021649	35.136	35.432	81.447	254.63	343.46	328.93	0.84296	75.419	0.083752	0.0025540	50.200	0.019920	51.746	54.472	120.05	253.83	309.70	134.91	21.227	11.768	0.034084
494.40	1.3915	459.59	0.0021758	35.534	35.838	82.257	255.14	345.39	323.17	0.88531	74.565	0.083403	0.0024727	51.439	0.019440	51.961	54.671	120.35	254.48	312.32	133.90	21.329	11.846	0.034307
495.60	1.4181	457.24	0.0021871	35.934	36.245	83.068	255.64	347.40	317.38	0.93007	73.710	0.083050	0.0023918	52.715	0.018970	52.173	54.869	120.65	255.14	315.06	132.87	21.438	11.927	0.034533
496.80	1.4451	454.84	0.0021986	36.336	36.654	83.881	256.15	349.50	311.55	0.97743	72.853	0.082692	0.0023115	54.029	0.018509	52.385	55.065	120.94	255.79	317.93	131.81	21.553	12.010	0.034763
498.00	1.4725	452.40	0.0022105	36.739	37.065	84.695	256.66	351.69	305.68	1.0276	71.995	0.082329	0.0022318	55.383	0.018056	52.595	55.259	121.23	256.45	320.95	130.73	21.675	12.095	0.034995
499.20	1.5004	449.91	0.0022227	37.144	37.478	85.511	257.18	354.00	299.78	1.0809	71.134	0.081962	0.0021527	56.780	0.017612	52.803	55.451	121.51	257.11	324.13	129.63	21.805	12.183	0.035231
500.40	1.5286	447.37	0.0022353	37.551	37.894	86.329	257.70	356.42	293.84	1.1376	70.270	0.081590	0.0020741	58.222	0.017176	53.010	55.641	121.80	257.78	327.49	128.51	21.942	12.274	0.035470
501.60	1.5572	444.79	0.0022483	37.960	38.311	87.149	258.22	358.97	287.86	1.1979	69.403	0.081212	0.0019961	59.710	0.016748	53.215	55.829	122.07	258.44	331.04	127.36	22.087	12.367	0.035713
502.80	1.5863	442.15	0.0022617	38.371	38.730	87.971	258.74	361.66	281.84	1.2623	68.533	0.080828	0.0019187	61.248	0.016327	53.418	56.014	122.35	259.11	334.80	126.19	22.240	12.463	0.035959
504.00	1.6157	439.46	0.0022755	38.784	39.152	88.796	259.27	364.50	275.77	1.3312	67.658	0.080438	0.0018419	62.838	0.015914	53.620	56.196	122.61	259.79	338.79	124.99	22.401	12.563	0.036210
505.20	1.6457	436.70	0.0022899	39.199	39.576	89.623	259.80	367.52	269.67	1.4049	66.778	0.080041	0.0017658	64.483	0.015508	53.819	56.376	122.88	260.47	343.04	123.77	22.571	12.666	0.036465
506.40	1.6760	433.88	0.0023048	39.616	40.003	90.453	260.34	370.72	263.51	1.4841	65.893	0.079638	0.0016903	66.187	0.015109	54.015	56.553	123.13	261.15	347.57	122.52	22.749	12.773	0.036725
507.60	1.7068	431.00	0.0023202	40.036	40.432	91.286	260.88	374.15	257.32	1.5692	65.002	0.079226	0.0016155	67.953	0.014716	54.210	56.727	123.39	261.84	352.42	121.24	22.937	12.885	0.036990
508.80	1.7380	428.04	0.0023362	40.458	40.865	92.122	261.43	377.81	251.07	1.6610	64.104	0.078807	0.0015414	69.785	0.014330	54.402	56.897	123.63	262.53	357.63	119.94	23.134	13.000	0.037260
510.00	1.7697	425.01	0.0023529	40.882	41.300	92.961	261.98	381.74	244.77	1.7603	63.199	0.078379	0.0014679	71.688	0.013949	54.591	57.064	123.87	263.23	363.23	118.61	23.340	13.120	0.037536
511.20	1.8019	421.89	0.0023703	41.310	41.738	93.805	262.54	385.98	238.42	1.8680	62.285	0.077942	0.0013952	73.665	0.013575	54.777	57.228	124.11	263.93	369.27	117.26	23.557	13.245	0.037817
512.40	1.8345	418.69	0.0023884	41.740	42.179	94.652	263.11	390.57	232.02	1.9850	61.362	0.077495	0.0013233	75.723	0.013206	54.959	57.387	124.33	264.64	375.82	115.88	23.783	13.376	0.038106
513.60	1.8676	415.39	0.0024074	42.174	42.624	95.504	263.68	395.56	225.57	2.1126	60.428	0.077037	0.0012521	77.867	0.012842	55.139	57.542	124.55	265.35	382.94	114.47	24.020	13.512	0.038401
514.80	1.9012	411.98	0.0024273	42.611	43.073	96.361	264.27	401.00	219.05	2.2522	59.483	0.076567	0.0011818	80.104	0.012484	55.315	57.693	124.76	266.07	390.72	113.03	24.267	13.655	0.038703
516.00	1.9352	408.47	0.0024482	43.051	43.526	97.223	264.86	406.98	212.48	2.4055	58.526	0.076084	0.0011122	82.440	0.012130	55.486	57.838	124.96	266.80	399.23	111.56	24.524	13.805	0.039014
517.20	1.9698	404.83	0.0024701	43.495	43.983	98.091	265.46	413.58	205.86	2.5744	57.554	0.075588	0.0010435	84.884	0.011781	55.654	57.979	125.15	267.53	408.61	110.07	24.792	13.963	0.039334
518.40	2.0049	401.07	0.0024934	43.944	44.444	98.966	266.07	420.90	199.17	2.7612	56.566	0.075076	0.00097573	87.446	0.011436	55.816	58.114	125.33	268.27	418.97	108.54	25.070	14.129	0.039663
519.60	2.0404	397.15	0.0025179	44.396	44.911	99.848	266.70	429.09	192.42	2.9688	55.561	0.074548	0.00090887	90.134	0.011095	55.974	58.242	125.50	269.02	430.50	106.99	25.358	14.305	0.040002
520.80	2.0765	393.08	0.0025440	44.854	45.383	100.74	267.34	438.31	185.61	3.2004	54.536	0.074001	0.00084297	92.962	0.010757	56.126	58.365	125.66	269.77	443.40	105.41	25.656	14.492	0.040354
522.00	2.1131	388.83	0.0025718	45.317	45.861	101.64	267.99	448.78	178.75	3.4602	53.489	0.073434	0.00077809	95.942	0.010423	56.273	58.480	125.81	270.53	457.91	103.80	25.962	14.690	0.040718
523.20	2.1503	384.38	0.0026016	45.785	46.346	102.55	268.67	460.77	171.82	3.7531	52.418	0.072845	0.00071427	99.090	0.010092	56.412	58.587	125.94	271.31	474.36	102.16	26.278	14.901	0.041096
524.40	2.1879	379.70	0.0026336	46.261	46.838	103.47	269.36	474.66	164.84	4.0850	51.318	0.072230	0.00065157	102.42	0.0097634	56.545	58.685	126.06	272.09	493.16	100.50	26.600	15.126	0.041490
525.60	2.2262	374.78	0.0026682	46.743	47.338	104.40	270.08	490.92	157.80	4.4635	50.188	0.071586	0.00059005	105.96	0.0094373	56.669	58.774	126.16	272.88	514.82	98.805	26.929	15.369	0.041902
526.80	2.2649	369.57	0.0027058	47.234	47.848	105.35	270.82	510.22	150.72	4.8978	49.021	0.070911	0.00052979	109.73	0.0091130	56.785	58.853	126.24	273.68	540.05	97.082	27.262	15.630	0.042334
528.00	2.3042	364.04	0.0027469	47.734	48.368	106.31	271.59	533.46	143.61	5.3991	47.814	0.070199	0.00047087	113.76	0.0087902	56.891	58.920	126.30	274.50	569.80	95.331	27.596	15.914	0.042789
529.20	2.3441	358.13	0.0027923	48.245	48.901	107.30	272.39	561.93	136.48	5.9820	46.559	0.069445	0.00041339	118.09	0.0084682	56.985	58.975	126.34	275.32	605.36	93.551	27.931	16.222	0.043270
530.40	2.3846	351.78	0.0028427	48.768	49.447	108.31	273.24	597.51	129.34	6.6640	45.251	0.068642	0.00035747	122.75	0.0081464	57.068	59.014	126.35	276.15	648.60	91.741	28.261	16.561	0.043781
531.60	2.4256	344.90	0.0028994	49.307	50.011	109.35	274.12	643.06	122.25	7.4673	43.880	0.067782	0.00030325	127.81	0.0078240	57.136	59.037	126.33	277.00	702.29	89.898	28.583	16.935	0.044328
532.80	2.4672	337.41	0.0029638	49.863	50.596	110.43	275.06	703.01	115.22	8.4192	42.434	0.066855	0.00025090	133.34	0.0074999	57.187	59.041	126.28	277.86	770.77	88.020	28.893	17.352	0.044917
534.00	2.5093	329.16	0.0030381	50.441	51.205	111.54	276.06	784.75	108.32	9.5533	40.902	0.065848	0.00020066	139.42	0.0071727	57.218	59.022	126.18	278.72	861.16	86.102	29.183	17.822	0.045559
535.20	2.5520	319.97	0.0031253	51.047	51.846	112.72	277.13	901.28	101.63	10.910	39.265	0.064743	0.00015283	146.19	0.0068402	57.226	58.975	126.04	279.60	986.24	84.136	29.444	18.360	0.046267
536.40	2.5952	309.61	0.0032298	51.687	52.527	113.96	278.26	1078.0	95.219	12.540	37.502	0.063519	0.00010784	153.86	0.0064993	57.202	58.892	125.83	280.48	1171.3	82.112	29.661	18.987	0.047060
537.60	2.6389	297.71	0.0033590	52.376	53.264	115.31	279.48	1372.9	89.190	14.511	35.581	0.062141	6.6385e-05	162.76	0.0061439	57.136	58.760	125.53	281.36	1475.1	80.016	29.806	19.740	0.047973
538.80	2.6831	283.62	0.0035259	53.135	54.083	116.80	280.77	1956.3	83.620	16.931	33.441	0.060548	2.9717e-05	173.55	0.0057622	57.005	58.554	125.10	282.24	2071.9	77.832	29.815	20.692	0.049072
