# Fuel Properties
#=======================
FUEL_NAME
OME4
SMILES
COCOCOCOCOC
CHEMICAL_FORMULA
C6H14O5
MOLECULAR_WEIGHT
166.172E-3
T_CRIT
616.581
P_CRIT
2.95007E+06
V_CRIT
0.533478
MELTING_POINT
256.499
NORMAL_BOILING_POINT
424.45
LIQUID
2.0000000E+02	3.7537900E-03	2.4600000E-02	3.3131300E+05	-9.9990000E+03	2.8143300E-01	1.1055200E+03	1.6091900E+03
2.1000000E+02	3.7537900E-03	2.4600000E-02	3.3131300E+05	-9.9990000E+03	2.8143300E-01	1.1055200E+03	1.6091900E+03
2.2000000E+02	3.7537900E-03	2.4600000E-02	3.3131300E+05	-9.9990000E+03	2.8143300E-01	1.1055200E+03	1.6091900E+03
2.3000000E+02	3.7537900E-03	2.4600000E-02	3.3131300E+05	-9.9990000E+03	2.8143300E-01	1.1055200E+03	1.6091900E+03
2.4000000E+02	3.7537900E-03	2.4600000E-02	3.3131300E+05	-9.9990000E+03	2.8143300E-01	1.1055200E+03	1.6091900E+03
2.5000000E+02	3.7537900E-03	2.4600000E-02	3.3131300E+05	-9.9990000E+03	2.8143300E-01	1.1055200E+03	1.6091900E+03
2.6000000E+02	3.7537900E-03	2.4600000E-02	3.3131300E+05	-9.9990000E+03	2.8143300E-01	1.1055200E+03	1.6091900E+03
2.7000000E+02	3.5662200E-03	2.4600000E-02	3.3054200E+05	-9.9990000E+03	2.8006300E-01	1.0960900E+03	1.6091300E+03
2.8000000E+02	2.8020100E-03	2.4600000E-02	3.2678100E+05	-9.9990000E+03	2.7342900E-01	1.0854400E+03	1.6092400E+03
2.9000000E+02	2.2530900E-03	2.4600000E-02	3.2318300E+05	-9.9990000E+03	2.6713700E-01	1.0752900E+03	1.6099500E+03
3.0000000E+02	1.8494300E-03	2.4092400E-02	3.1974600E+05	-9.9990000E+03	2.6117000E-01	1.0655200E+03	1.6112600E+03
3.1000000E+02	1.5463000E-03	2.3434000E-02	3.1646700E+05	-9.9990000E+03	2.5550700E-01	1.0559800E+03	1.6131800E+03
3.2000000E+02	1.3143800E-03	2.2772500E-02	3.1334600E+05	-9.9990000E+03	2.5013000E-01	1.0465700E+03	1.6157100E+03
3.3000000E+02	1.1339600E-03	2.2107900E-02	3.1038000E+05	-9.9990000E+03	2.4502200E-01	1.0371800E+03	1.6188400E+03
3.4000000E+02	9.9149800E-04	2.1440000E-02	3.0756800E+05	-9.9990000E+03	2.4016500E-01	1.0277100E+03	1.6225800E+03
3.5000000E+02	8.7749400E-04	2.0768600E-02	3.0490900E+05	-9.9990000E+03	2.3554500E-01	1.0180800E+03	1.6269200E+03
3.6000000E+02	7.8517100E-04	2.0093600E-02	3.0240000E+05	-9.9990000E+03	2.3114400E-01	1.0082000E+03	1.6318600E+03
3.7000000E+02	7.0960300E-04	1.9414900E-02	3.0004300E+05	-9.9990000E+03	2.2694900E-01	9.9799900E+02	1.6374200E+03
3.8000000E+02	6.4715900E-04	1.8732300E-02	2.9783400E+05	-9.9990000E+03	2.2294500E-01	9.8741900E+02	1.6435700E+03
3.9000000E+02	5.9512200E-04	1.8045600E-02	2.9577500E+05	-9.9990000E+03	2.1912000E-01	9.7640400E+02	1.6503300E+03
4.0000000E+02	5.5143100E-04	1.7354500E-02	2.9386300E+05	-9.9990000E+03	2.1546100E-01	9.6491000E+02	1.6577000E+03
4.1000000E+02	5.1450600E-04	1.6658900E-02	2.9209800E+05	-9.9990000E+03	2.1195600E-01	9.5289900E+02	1.6656700E+03
4.2000000E+02	4.8312000E-04	1.5958500E-02	2.9047800E+05	-9.9990000E+03	2.0859400E-01	9.4034400E+02	1.6742500E+03
4.3000000E+02	4.5631000E-04	1.5253000E-02	2.8900400E+05	-9.9990000E+03	2.0536600E-01	9.2722800E+02	1.6834300E+03
4.4000000E+02	4.3331700E-04	1.4542100E-02	2.8767400E+05	-9.9990000E+03	2.0226000E-01	9.1353900E+02	1.6932200E+03
4.5000000E+02	4.1353000E-04	1.3825500E-02	2.8648500E+05	-9.9990000E+03	1.9927000E-01	8.9927700E+02	1.7036200E+03
4.6000000E+02	3.9645900E-04	1.3102600E-02	2.8543500E+05	-9.9990000E+03	1.9638600E-01	8.8445000E+02	1.7146100E+03
4.7000000E+02	3.8170700E-04	1.2373200E-02	2.8451900E+05	-9.9990000E+03	1.9360100E-01	8.6907400E+02	1.7262200E+03
4.8000000E+02	3.6894700E-04	1.1636600E-02	2.8373300E+05	-9.9990000E+03	1.9090900E-01	8.5317500E+02	1.7384300E+03
4.9000000E+02	3.5791200E-04	1.0892300E-02	2.8306900E+05	-9.9990000E+03	1.8830300E-01	8.3678700E+02	1.7512400E+03
5.0000000E+02	3.4837900E-04	1.0139500E-02	2.8251300E+05	-9.9990000E+03	1.8578000E-01	8.1995300E+02	1.7646600E+03
5.1000000E+02	3.4016300E-04	9.3774100E-03	2.8204800E+05	-9.9990000E+03	1.8333300E-01	8.0272500E+02	1.7786900E+03
5.2000000E+02	3.3310800E-04	8.6050000E-03	2.8164900E+05	-9.9990000E+03	1.8096100E-01	7.8516300E+02	1.7933200E+03
5.3000000E+02	3.2708400E-04	7.8210000E-03	2.8127600E+05	-9.9990000E+03	1.7865900E-01	7.6733700E+02	1.8085500E+03
5.4000000E+02	3.2198000E-04	7.0238400E-03	2.8086800E+05	-9.9990000E+03	1.7642600E-01	7.4932500E+02	1.8243900E+03
5.5000000E+02	3.1770000E-04	6.2115000E-03	2.8032900E+05	-9.9990000E+03	1.7426000E-01	7.3121400E+02	1.8408400E+03
5.6000000E+02	3.1416600E-04	5.3812500E-03	2.7950000E+05	-9.9990000E+03	1.7216100E-01	7.1310100E+02	1.8578900E+03
5.7000000E+02	3.1130800E-04	4.5292900E-03	2.7810700E+05	-9.9990000E+03	1.7012800E-01	6.9508900E+02	1.8755400E+03
5.8000000E+02	3.0906600E-04	3.6499500E-03	2.7563400E+05	-9.9990000E+03	1.6816300E-01	6.7729300E+02	1.8938100E+03
5.9000000E+02	3.0738900E-04	2.7338700E-03	2.7097600E+05	-9.9990000E+03	1.6626600E-01	6.5983400E+02	1.9126700E+03
6.0000000E+02	3.0623400E-04	1.7629200E-03	2.6120000E+05	-9.9990000E+03	1.6444100E-01	6.4284400E+02	1.9321400E+03
6.1000000E+02	3.0556100E-04	6.8617800E-04	2.3296900E+05	-9.9990000E+03	1.6268900E-01	6.2646300E+02	1.9522200E+03
6.2000000E+02	3.0538200E-04	0.0000000E+00	0.0000000E+00	-9.9990000E+03	1.6174200E-01	6.0903700E+02	1.9637300E+03
6.3000000E+02	3.0538200E-04	0.0000000E+00	0.0000000E+00	-9.9990000E+03	1.6174200E-01	6.0903700E+02	1.9637300E+03
6.4000000E+02	3.0538200E-04	0.0000000E+00	0.0000000E+00	-9.9990000E+03	1.6174200E-01	6.0903700E+02	1.9637300E+03
6.5000000E+02	3.0538200E-04	0.0000000E+00	0.0000000E+00	-9.9990000E+03	1.6174200E-01	6.0903700E+02	1.9637300E+03
6.6000000E+02	3.0538200E-04	0.0000000E+00	0.0000000E+00	-9.9990000E+03	1.6174200E-01	6.0903700E+02	1.9637300E+03
6.7000000E+02	3.0538200E-04	0.0000000E+00	0.0000000E+00	-9.9990000E+03	1.6174200E-01	6.0903700E+02	1.9637300E+03
6.8000000E+02	3.0538200E-04	0.0000000E+00	0.0000000E+00	-9.9990000E+03	1.6174200E-01	6.0903700E+02	1.9637300E+03
6.9000000E+02	3.0538200E-04	0.0000000E+00	0.0000000E+00	-9.9990000E+03	1.6174200E-01	6.0903700E+02	1.9637300E+03
7.0000000E+02	3.0538200E-04	0.0000000E+00	0.0000000E+00	-9.9990000E+03	1.6174200E-01	6.0903700E+02	1.9637300E+03
7.1000000E+02	3.0538200E-04	0.0000000E+00	0.0000000E+00	-9.9990000E+03	1.6174200E-01	6.0903700E+02	1.9637300E+03
7.2000000E+02	3.0538200E-04	0.0000000E+00	0.0000000E+00	-9.9990000E+03	1.6174200E-01	6.0903700E+02	1.9637300E+03
7.3000000E+02	3.0538200E-04	0.0000000E+00	0.0000000E+00	-9.9990000E+03	1.6174200E-01	6.0903700E+02	1.9637300E+03
7.4000000E+02	3.0538200E-04	0.0000000E+00	0.0000000E+00	-9.9990000E+03	1.6174200E-01	6.0903700E+02	1.9637300E+03
7.5000000E+02	3.0538200E-04	0.0000000E+00	0.0000000E+00	-9.9990000E+03	1.6174200E-01	6.0903700E+02	1.9637300E+03
7.6000000E+02	3.0538200E-04	0.0000000E+00	0.0000000E+00	-9.9990000E+03	1.6174200E-01	6.0903700E+02	1.9637300E+03
7.7000000E+02	3.0538200E-04	0.0000000E+00	0.0000000E+00	-9.9990000E+03	1.6174200E-01	6.0903700E+02	1.9637300E+03
7.8000000E+02	3.0538200E-04	0.0000000E+00	0.0000000E+00	-9.9990000E+03	1.6174200E-01	6.0903700E+02	1.9637300E+03
7.9000000E+02	3.0538200E-04	0.0000000E+00	0.0000000E+00	-9.9990000E+03	1.6174200E-01	6.0903700E+02	1.9637300E+03
8.0000000E+02	3.0538200E-04	0.0000000E+00	0.0000000E+00	-9.9990000E+03	1.6174200E-01	6.0903700E+02	1.9637300E+03
8.1000000E+02	3.0538200E-04	0.0000000E+00	0.0000000E+00	-9.9990000E+03	1.6174200E-01	6.0903700E+02	1.9637300E+03
8.2000000E+02	3.0538200E-04	0.0000000E+00	0.0000000E+00	-9.9990000E+03	1.6174200E-01	6.0903700E+02	1.9637300E+03
8.3000000E+02	3.0538200E-04	0.0000000E+00	0.0000000E+00	-9.9990000E+03	1.6174200E-01	6.0903700E+02	1.9637300E+03
8.4000000E+02	3.0538200E-04	0.0000000E+00	0.0000000E+00	-9.9990000E+03	1.6174200E-01	6.0903700E+02	1.9637300E+03
8.5000000E+02	3.0538200E-04	0.0000000E+00	0.0000000E+00	-9.9990000E+03	1.6174200E-01	6.0903700E+02	1.9637300E+03
8.6000000E+02	3.0538200E-04	0.0000000E+00	0.0000000E+00	-9.9990000E+03	1.6174200E-01	6.0903700E+02	1.9637300E+03
8.7000000E+02	3.0538200E-04	0.0000000E+00	0.0000000E+00	-9.9990000E+03	1.6174200E-01	6.0903700E+02	1.9637300E+03
8.8000000E+02	3.0538200E-04	0.0000000E+00	0.0000000E+00	-9.9990000E+03	1.6174200E-01	6.0903700E+02	1.9637300E+03
8.9000000E+02	3.0538200E-04	0.0000000E+00	0.0000000E+00	-9.9990000E+03	1.6174200E-01	6.0903700E+02	1.9637300E+03
9.0000000E+02	3.0538200E-04	0.0000000E+00	0.0000000E+00	-9.9990000E+03	1.6174200E-01	6.0903700E+02	1.9637300E+03
9.1000000E+02	3.0538200E-04	0.0000000E+00	0.0000000E+00	-9.9990000E+03	1.6174200E-01	6.0903700E+02	1.9637300E+03
9.2000000E+02	3.0538200E-04	0.0000000E+00	0.0000000E+00	-9.9990000E+03	1.6174200E-01	6.0903700E+02	1.9637300E+03
9.3000000E+02	3.0538200E-04	0.0000000E+00	0.0000000E+00	-9.9990000E+03	1.6174200E-01	6.0903700E+02	1.9637300E+03
9.4000000E+02	3.0538200E-04	0.0000000E+00	0.0000000E+00	-9.9990000E+03	1.6174200E-01	6.0903700E+02	1.9637300E+03
9.5000000E+02	3.0538200E-04	0.0000000E+00	0.0000000E+00	-9.9990000E+03	1.6174200E-01	6.0903700E+02	1.9637300E+03
9.6000000E+02	3.0538200E-04	0.0000000E+00	0.0000000E+00	-9.9990000E+03	1.6174200E-01	6.0903700E+02	1.9637300E+03
9.7000000E+02	3.0538200E-04	0.0000000E+00	0.0000000E+00	-9.9990000E+03	1.6174200E-01	6.0903700E+02	1.9637300E+03
9.8000000E+02	3.0538200E-04	0.0000000E+00	0.0000000E+00	-9.9990000E+03	1.6174200E-01	6.0903700E+02	1.9637300E+03
9.9000000E+02	3.0538200E-04	0.0000000E+00	0.0000000E+00	-9.9990000E+03	1.6174200E-01	6.0903700E+02	1.9637300E+03
VAPOR
200	2.46987E-06	0.00509586	-9999	1444.9	-9999
210	2.46987E-06	0.00509586	-9999	1444.9	-9999
220	2.46987E-06	0.00509586	-9999	1444.9	-9999
230	2.46987E-06	0.00509586	-9999	1444.9	-9999
240	2.46987E-06	0.00509586	-9999	1444.9	-9999
250	2.46987E-06	0.00509586	-9999	1444.9	-9999
260	2.46987E-06	0.00509586	-9999	1444.9	-9999
270	2.50688E-06	0.00509586	-9999	1448	-9999
280	2.69608E-06	0.00563596	-9999	1463.52	-9999
290	2.89217E-06	0.00611098	-9999	1479.03	-9999
300	3.09511E-06	0.0066091	-9999	1494.55	-9999
310	3.30488E-06	0.00713074	-9999	1510.07	-9999
320	3.52145E-06	0.00767631	-9999	1525.58	-9999
330	3.74479E-06	0.00824619	-9999	1541.1	-9999
340	3.97486E-06	0.00884081	-9999	1556.62	-9999
350	4.21164E-06	0.00946055	-9999	1572.13	-9999
360	4.45508E-06	0.0101058	-9999	1587.65	-9999
370	4.70516E-06	0.010777	-9999	1603.17	-9999
380	4.96185E-06	0.0114745	-9999	1618.68	-9999
390	5.2251E-06	0.0121986	-9999	1634.2	-9999
400	5.49488E-06	0.0129498	-9999	1649.71	-9999
410	5.77115E-06	0.0137285	-9999	1665.23	-9999
420	6.05389E-06	0.0145349	-9999	1680.75	-9999
430	6.34305E-06	0.0153695	-9999	1696.26	-9999
440	6.63859E-06	0.0162326	-9999	1711.78	-9999
450	6.94049E-06	0.0171246	-9999	1727.3	-9999
460	7.2487E-06	0.0180457	-9999	1742.81	-9999
470	7.56319E-06	0.0189964	-9999	1758.33	-9999
480	7.88392E-06	0.019977	-9999	1773.85	-9999
490	8.21085E-06	0.0209877	-9999	1789.36	-9999
500	8.54395E-06	0.022029	-9999	1804.88	-9999
510	8.88317E-06	0.023101	-9999	1820.39	-9999
520	9.22849E-06	0.024204	-9999	1835.91	-9999
530	9.57986E-06	0.0253384	-9999	1851.43	-9999
540	9.93725E-06	0.0265044	-9999	1866.94	-9999
550	1.03006E-05	0.0277023	-9999	1882.46	-9999
560	1.06699E-05	0.0289323	-9999	1897.98	-9999
570	1.10452E-05	0.0301946	-9999	1913.49	-9999
580	1.14263E-05	0.0314895	-9999	1929.01	-9999
590	1.18132E-05	0.0328171	-9999	1944.53	-9999
600	1.22059E-05	0.0341776	-9999	1960.04	-9999
610	1.26044E-05	0.0355713	-9999	1975.56	-9999
620	1.30086E-05	0.0369982	-9999	1991.07	-9999
630	1.30086E-05	0.0369982	-9999	1991.07	-9999
640	1.30086E-05	0.0369982	-9999	1991.07	-9999
650	1.30086E-05	0.0369982	-9999	1991.07	-9999
660	1.30086E-05	0.0369982	-9999	1991.07	-9999
670	1.30086E-05	0.0369982	-9999	1991.07	-9999
680	1.30086E-05	0.0369982	-9999	1991.07	-9999
690	1.30086E-05	0.0369982	-9999	1991.07	-9999
700	1.30086E-05	0.0369982	-9999	1991.07	-9999
710	1.30086E-05	0.0369982	-9999	1991.07	-9999
720	1.30086E-05	0.0369982	-9999	1991.07	-9999
730	1.30086E-05	0.0369982	-9999	1991.07	-9999
740	1.30086E-05	0.0369982	-9999	1991.07	-9999
750	1.30086E-05	0.0369982	-9999	1991.07	-9999
760	1.30086E-05	0.0369982	-9999	1991.07	-9999
770	1.30086E-05	0.0369982	-9999	1991.07	-9999
780	1.30086E-05	0.0369982	-9999	1991.07	-9999
790	1.30086E-05	0.0369982	-9999	1991.07	-9999
800	1.30086E-05	0.0369982	-9999	1991.07	-9999
810	1.30086E-05	0.0369982	-9999	1991.07	-9999
820	1.30086E-05	0.0369982	-9999	1991.07	-9999
830	1.30086E-05	0.0369982	-9999	1991.07	-9999
840	1.30086E-05	0.0369982	-9999	1991.07	-9999
850	1.30086E-05	0.0369982	-9999	1991.07	-9999
860	1.30086E-05	0.0369982	-9999	1991.07	-9999
870	1.30086E-05	0.0369982	-9999	1991.07	-9999
880	1.30086E-05	0.0369982	-9999	1991.07	-9999
890	1.30086E-05	0.0369982	-9999	1991.07	-9999
900	1.30086E-05	0.0369982	-9999	1991.07	-9999
910	1.30086E-05	0.0369982	-9999	1991.07	-9999
920	1.30086E-05	0.0369982	-9999	1991.07	-9999
930	1.30086E-05	0.0369982	-9999	1991.07	-9999
940	1.30086E-05	0.0369982	-9999	1991.07	-9999
950	1.30086E-05	0.0369982	-9999	1991.07	-9999
960	1.30086E-05	0.0369982	-9999	1991.07	-9999
970	1.30086E-05	0.0369982	-9999	1991.07	-9999
980	1.30086E-05	0.0369982	-9999	1991.07	-9999
990	1.30086E-05	0.0369982	-9999	1991.07	-9999
END
