   0.000000E+00    6.925000E-03
   4.081633E-05    6.925000E-03
   8.163265E-05    6.925000E-03
   1.224490E-04    6.925000E-03
   1.632653E-04    6.925000E-03
   2.040816E-04    6.925000E-03
   2.448980E-04    6.925000E-03
   2.857143E-04    6.925000E-03
   3.265306E-04    6.925000E-03
   3.673469E-04    6.925000E-03
   4.081633E-04    6.925000E-03
   4.489796E-04    6.925000E-03
   4.897959E-04    6.925000E-03
   5.306122E-04    6.925000E-03
   5.714286E-04    6.925000E-03
   6.122449E-04    6.925000E-03
   6.530612E-04    6.925000E-03
   6.938776E-04    6.925000E-03
   7.346939E-04    6.925000E-03
   7.755102E-04    6.925000E-03
   8.163265E-04    6.925000E-03
   8.571429E-04    6.925000E-03
   8.979592E-04    6.925000E-03
   9.387755E-04    6.925000E-03
   9.795918E-04    6.925000E-03
   1.020408E-03    6.925000E-03
   1.061224E-03    6.925000E-03
   1.102041E-03    6.925000E-03
   1.142857E-03    6.925000E-03
   1.183673E-03    6.925000E-03
   1.224490E-03    6.925000E-03
   1.265306E-03    6.925000E-03
   1.306122E-03    6.925000E-03
   1.346939E-03    6.925000E-03
   1.387755E-03    6.925000E-03
   1.428571E-03    6.925000E-03
   1.469388E-03    6.925000E-03
   1.510204E-03    6.925000E-03
   1.551020E-03    6.925000E-03
   1.591837E-03    6.925000E-03
   1.632653E-03    6.925000E-03
   1.673469E-03    6.925000E-03
   1.714286E-03    6.925000E-03
   1.755102E-03    6.925000E-03
   1.795918E-03    6.925000E-03
   1.836735E-03    6.925000E-03
   1.877551E-03    6.925000E-03
   1.918367E-03    6.925000E-03
   1.959184E-03    6.925000E-03
   2.000000E-03    6.925000E-03
