6.1100000e+02   2.7315000e+02
   1.0000000e+03   2.8015000e+02
   2.0000000e+03   2.9075000e+02
   3.1690000e+03   2.9815000e+02
   5.0000000e+03   3.0605000e+02
   1.0000000e+04   3.1895000e+02
   1.2349000e+04   3.2315000e+02
   2.0000000e+04   3.3325000e+02
   3.8580000e+04   3.4815000e+02
   5.0000000e+04   3.5445000e+02
   1.0132500e+05   3.7315000e+02
   1.5000000e+05   3.8455000e+02
   2.3210000e+05   3.9815000e+02
   3.0000000e+05   4.0665000e+02
   4.7580000e+05   4.2315000e+02
   6.1780000e+05   4.3315000e+02
   8.9200000e+05   4.4815000e+02
   1.0000000e+06   4.5305000e+02
   1.5540000e+06   4.7315000e+02
   2.0000000e+06   4.8555000e+02
   2.5480000e+06   4.9815000e+02
   3.0000000e+06   5.0705000e+02
   3.9730000e+06   5.2315000e+02
   5.0000000e+06   5.3705000e+02
   5.9420000e+06   5.4815000e+02
   8.5810000e+06   5.7315000e+02
   1.2040000e+07   5.9815000e+02
   1.6520000e+07   6.2315000e+02
   2.2060000e+07   6.4715000e+02